Selected-----------------------------------------------------------------
12, 44, 90, 92, 104, 163, 259, 352, 363, 394, 428, 520, 548, 557, 606, 

Starting-----------------------------------------------------------------
44, 90, 104, 163, 352, 363, 428, 520, 548, 557, 606, 

Captain-----------------------------------------------------------------
428, 

Vice-Captain-----------------------------------------------------------------
557, 

Substitutes-----------------------------------------------------------------
259, 92, 394, 

Remaining budget-----------------------------------------------------------------
PREVIOUS GW: 2.1e+06
THIS GW: 1.1e+06

Sold-----------------------------------------------------------------
54, 106, 330, 577, 

Bought-----------------------------------------------------------------
44, 90, 428, 557, 

Number of illegal transfers--------------------------------------------------------------
3, 

-----------------------------------------------------------------
