Selected-----------------------------------------------------------------
35, 52, 75, 89, 164, 198, 267, 365, 394, 428, 455, 512, 548, 577, 584, 

Starting-----------------------------------------------------------------
35, 75, 164, 198, 267, 365, 394, 428, 455, 512, 577, 

Captain-----------------------------------------------------------------
428, 

Vice-Captain-----------------------------------------------------------------
512, 

Substitutes-----------------------------------------------------------------
584, 548, 89, 

Remaining budget-----------------------------------------------------------------
PREVIOUS GW: 1.6e+06
THIS GW: 0

Sold-----------------------------------------------------------------
54, 128, 131, 132, 176, 489, 495, 522, 

Bought-----------------------------------------------------------------
35, 75, 164, 198, 267, 394, 455, 512, 

Number of illegal transfers--------------------------------------------------------------
7, 

-----------------------------------------------------------------
