Total expected points: 151.501
Selected-----------------------------------------------------------------
23, 30, 132, 176, 178, 221, 229, 428, 472, 495, 522, 536, 548, 584, 621, 

Starting-----------------------------------------------------------------
30, 132, 176, 178, 428, 472, 495, 522, 536, 548, 584, 

Captain-----------------------------------------------------------------
495, 

Vice-Captain-----------------------------------------------------------------
522, 

Substitutes-----------------------------------------------------------------
229, 221, 621, 

Remaining budget-----------------------------------------------------------------
9.2e+06, 

-----------------------------------------------------------------
