Total expected points: 414.233
Selected-----------------------------------------------------------------
30, 44, 75, 89, 164, 167, 221, 365, 394, 397, 415, 428, 549, 557, 616, 

Starting-----------------------------------------------------------------
44, 75, 164, 167, 365, 394, 397, 415, 428, 557, 616, 

Captain-----------------------------------------------------------------
365, 

Vice-Captain-----------------------------------------------------------------
428, 

Substitutes-----------------------------------------------------------------
89, 549, 221, 

Remaining budget-----------------------------------------------------------------
0, 

-----------------------------------------------------------------
