Selected-----------------------------------------------------------------
24, 48, 104, 105, 127, 128, 176, 397, 428, 481, 484, 520, 558, 598, 606, 

Starting-----------------------------------------------------------------
24, 104, 127, 128, 176, 428, 481, 484, 520, 598, 606, 

Captain-----------------------------------------------------------------
481, 

Vice-Captain-----------------------------------------------------------------
606, 

Substitutes-----------------------------------------------------------------
558, 105, 397, 

Remaining budget-----------------------------------------------------------------
PREVIOUS GW: 700000
THIS GW: 100000

Sold-----------------------------------------------------------------
1, 92, 271, 583, 

Bought-----------------------------------------------------------------
24, 128, 176, 606, 

Number of illegal transfers--------------------------------------------------------------
3, 

-----------------------------------------------------------------
