Selected-----------------------------------------------------------------
1, 30, 78, 104, 106, 131, 171, 338, 350, 363, 406, 484, 549, 557, 581, 

Starting-----------------------------------------------------------------
1, 78, 104, 106, 171, 363, 406, 484, 549, 557, 581, 

Captain-----------------------------------------------------------------
1, 

Vice-Captain-----------------------------------------------------------------
106, 

Substitutes-----------------------------------------------------------------
131, 350, 338, 

Remaining budget-----------------------------------------------------------------
PREVIOUS GW: 6.8e+06
THIS GW: 1.4e+06

Sold-----------------------------------------------------------------
35, 154, 177, 237, 481, 

Bought-----------------------------------------------------------------
1, 78, 104, 106, 406, 

Number of illegal transfers--------------------------------------------------------------
4, 

-----------------------------------------------------------------
