Selected-----------------------------------------------------------------
12, 23, 92, 104, 106, 127, 271, 300, 428, 481, 484, 520, 548, 558, 598, 

Starting-----------------------------------------------------------------
12, 92, 104, 127, 300, 428, 481, 520, 548, 558, 598, 

Captain-----------------------------------------------------------------
558, 

Vice-Captain-----------------------------------------------------------------
300, 

Substitutes-----------------------------------------------------------------
484, 106, 271, 

Remaining budget-----------------------------------------------------------------
PREVIOUS GW: 8.8e+06
THIS GW: 7.8e+06

Sold-----------------------------------------------------------------
90, 234, 397, 536, 583, 610, 

Bought-----------------------------------------------------------------
92, 104, 300, 428, 558, 598, 

Number of illegal transfers--------------------------------------------------------------
5, 

-----------------------------------------------------------------
