Selected-----------------------------------------------------------------
1, 54, 89, 128, 131, 176, 259, 365, 428, 489, 495, 522, 548, 584, 610, 

Starting-----------------------------------------------------------------
54, 128, 131, 176, 365, 428, 489, 495, 522, 548, 584, 

Captain-----------------------------------------------------------------
489, 

Vice-Captain-----------------------------------------------------------------
584, 

Substitutes-----------------------------------------------------------------
89, 610, 259, 

Remaining budget-----------------------------------------------------------------
PREVIOUS GW: 600000
THIS GW: 2.3e+06

Sold-----------------------------------------------------------------
37, 265, 415, 577, 

Bought-----------------------------------------------------------------
54, 128, 489, 548, 

Number of illegal transfers--------------------------------------------------------------
3, 

-----------------------------------------------------------------
