Selected-----------------------------------------------------------------
12, 52, 104, 105, 158, 176, 271, 352, 397, 415, 481, 484, 579, 583, 606, 

Starting-----------------------------------------------------------------
12, 104, 105, 158, 271, 397, 415, 481, 484, 583, 606, 

Captain-----------------------------------------------------------------
481, 

Vice-Captain-----------------------------------------------------------------
415, 

Substitutes-----------------------------------------------------------------
176, 352, 579, 

Remaining budget-----------------------------------------------------------------
PREVIOUS GW: 900000
THIS GW: 500000

Sold-----------------------------------------------------------------
241, 428, 519, 557, 

Bought-----------------------------------------------------------------
271, 415, 481, 606, 

Number of illegal transfers--------------------------------------------------------------
3, 

-----------------------------------------------------------------
