Selected-----------------------------------------------------------------
30, 48, 106, 108, 128, 176, 186, 279, 330, 363, 406, 519, 549, 584, 608, 

Starting-----------------------------------------------------------------
30, 108, 128, 176, 186, 279, 330, 363, 519, 584, 608, 

Captain-----------------------------------------------------------------
584, 

Vice-Captain-----------------------------------------------------------------
186, 

Substitutes-----------------------------------------------------------------
549, 406, 106, 

Remaining budget-----------------------------------------------------------------
PREVIOUS GW: 1.2e+07
THIS GW: 4.7e+06

Sold-----------------------------------------------------------------
12, 300, 522, 598, 619, 

Bought-----------------------------------------------------------------
30, 330, 519, 584, 608, 

Number of illegal transfers--------------------------------------------------------------
4, 

-----------------------------------------------------------------
