Selected-----------------------------------------------------------------
30, 48, 75, 132, 164, 176, 241, 365, 415, 428, 495, 522, 548, 584, 608, 

Starting-----------------------------------------------------------------
30, 75, 164, 176, 365, 415, 428, 495, 522, 548, 584, 

Captain-----------------------------------------------------------------
428, 

Vice-Captain-----------------------------------------------------------------
75, 

Substitutes-----------------------------------------------------------------
608, 132, 241, 

Remaining budget-----------------------------------------------------------------
PREVIOUS GW: 6.8e+06
THIS GW: 1.3e+06

Sold-----------------------------------------------------------------
178, 229, 472, 536, 

Bought-----------------------------------------------------------------
75, 164, 365, 415, 

Number of illegal transfers--------------------------------------------------------------
3, 

-----------------------------------------------------------------
