Selected-----------------------------------------------------------------
9, 20, 121, 131, 171, 186, 205, 330, 350, 394, 484, 489, 561, 581, 584, 

Starting-----------------------------------------------------------------
20, 131, 171, 205, 330, 350, 394, 489, 561, 581, 584, 

Captain-----------------------------------------------------------------
561, 

Vice-Captain-----------------------------------------------------------------
131, 

Substitutes-----------------------------------------------------------------
484, 186, 121, 

Remaining budget-----------------------------------------------------------------
PREVIOUS GW: 1e+07
THIS GW: 2.8e+06

Sold-----------------------------------------------------------------
252, 481, 547, 549, 

Bought-----------------------------------------------------------------
171, 350, 561, 581, 

Number of illegal transfers--------------------------------------------------------------
3, 

-----------------------------------------------------------------
