Selected-----------------------------------------------------------------
1, 30, 78, 106, 131, 171, 265, 284, 350, 406, 481, 484, 549, 557, 581, 

Starting-----------------------------------------------------------------
1, 78, 106, 171, 265, 284, 406, 484, 549, 557, 581, 

Captain-----------------------------------------------------------------
1, 

Vice-Captain-----------------------------------------------------------------
106, 

Substitutes-----------------------------------------------------------------
131, 481, 350, 

Remaining budget-----------------------------------------------------------------
PREVIOUS GW: 8.9e+06
THIS GW: 3.1e+06

Sold-----------------------------------------------------------------
35, 154, 177, 338, 489, 

Bought-----------------------------------------------------------------
1, 78, 106, 284, 406, 

Number of illegal transfers--------------------------------------------------------------
4, 

-----------------------------------------------------------------
