Selected-----------------------------------------------------------------
12, 20, 106, 128, 186, 222, 259, 335, 363, 394, 399, 481, 549, 584, 606, 

Starting-----------------------------------------------------------------
20, 186, 222, 259, 363, 394, 399, 481, 549, 584, 606, 

Captain-----------------------------------------------------------------
399, 

Vice-Captain-----------------------------------------------------------------
481, 

Substitutes-----------------------------------------------------------------
128, 335, 106, 

Remaining budget-----------------------------------------------------------------
PREVIOUS GW: 5.2e+06
THIS GW: 1.3e+06

Sold-----------------------------------------------------------------
24, 326, 330, 608, 

Bought-----------------------------------------------------------------
20, 394, 481, 606, 

Number of illegal transfers--------------------------------------------------------------
3, 

-----------------------------------------------------------------
