Selected-----------------------------------------------------------------
1, 9, 78, 106, 131, 171, 237, 338, 350, 406, 484, 489, 561, 581, 584, 

Starting-----------------------------------------------------------------
1, 78, 106, 131, 171, 237, 350, 406, 484, 561, 581, 

Captain-----------------------------------------------------------------
1, 

Vice-Captain-----------------------------------------------------------------
106, 

Substitutes-----------------------------------------------------------------
584, 338, 489, 

Remaining budget-----------------------------------------------------------------
PREVIOUS GW: 7.4e+06
THIS GW: 2.2e+06

Sold-----------------------------------------------------------------
17, 154, 177, 394, 

Bought-----------------------------------------------------------------
1, 78, 106, 406, 

Number of illegal transfers--------------------------------------------------------------
3, 

-----------------------------------------------------------------
