Selected-----------------------------------------------------------------
24, 48, 92, 104, 106, 127, 234, 300, 397, 481, 520, 536, 558, 598, 606, 

Starting-----------------------------------------------------------------
24, 92, 104, 127, 300, 481, 520, 536, 558, 598, 606, 

Captain-----------------------------------------------------------------
558, 

Vice-Captain-----------------------------------------------------------------
300, 

Substitutes-----------------------------------------------------------------
106, 397, 234, 

Remaining budget-----------------------------------------------------------------
PREVIOUS GW: 2.7e+06
THIS GW: 1.02e+07

Sold-----------------------------------------------------------------
105, 271, 427, 583, 610, 

Bought-----------------------------------------------------------------
92, 104, 300, 558, 598, 

Number of illegal transfers--------------------------------------------------------------
4, 

-----------------------------------------------------------------
