Selected-----------------------------------------------------------------
15, 23, 104, 107, 137, 230, 269, 394, 400, 405, 415, 423, 567, 570, 575, 

Starting-----------------------------------------------------------------
23, 104, 107, 230, 394, 400, 405, 415, 423, 567, 570, 

Captain-----------------------------------------------------------------
415, 

Vice-Captain-----------------------------------------------------------------
423, 

Substitutes-----------------------------------------------------------------
575, 269, 137, 

Remaining budget-----------------------------------------------------------------
PREVIOUS GW: 2.7e+06
THIS GW: 1.4e+06

Sold-----------------------------------------------------------------
121, 174, 386, 489, 531, 592, 

Bought-----------------------------------------------------------------
107, 230, 394, 415, 423, 570, 

Number of illegal transfers--------------------------------------------------------------
5, 

-----------------------------------------------------------------
