Selected-----------------------------------------------------------------
12, 52, 89, 106, 249, 259, 265, 330, 352, 394, 399, 520, 548, 577, 584, 

Starting-----------------------------------------------------------------
12, 106, 249, 259, 330, 352, 399, 520, 548, 577, 584, 

Captain-----------------------------------------------------------------
520, 

Vice-Captain-----------------------------------------------------------------
548, 

Substitutes-----------------------------------------------------------------
394, 89, 265, 

Remaining budget-----------------------------------------------------------------
PREVIOUS GW: 1.1e+06
THIS GW: 5.2e+06

Sold-----------------------------------------------------------------
75, 308, 455, 557, 

Bought-----------------------------------------------------------------
259, 352, 520, 548, 

Number of illegal transfers--------------------------------------------------------------
3, 

-----------------------------------------------------------------
