Selected-----------------------------------------------------------------
12, 23, 92, 104, 106, 127, 234, 300, 428, 481, 484, 536, 548, 558, 598, 

Starting-----------------------------------------------------------------
12, 92, 104, 127, 300, 428, 481, 484, 548, 558, 598, 

Captain-----------------------------------------------------------------
558, 

Vice-Captain-----------------------------------------------------------------
300, 

Substitutes-----------------------------------------------------------------
536, 106, 234, 

Remaining budget-----------------------------------------------------------------
PREVIOUS GW: 4.2e+06
THIS GW: 6.4e+06

Sold-----------------------------------------------------------------
105, 271, 397, 415, 583, 610, 

Bought-----------------------------------------------------------------
92, 104, 300, 428, 558, 598, 

Number of illegal transfers--------------------------------------------------------------
5, 

-----------------------------------------------------------------
