Total expected points: 153.584
Selected-----------------------------------------------------------------
25, 52, 131, 155, 176, 237, 259, 361, 406, 415, 495, 522, 557, 584, 621, 

Starting-----------------------------------------------------------------
25, 131, 176, 259, 361, 406, 415, 495, 522, 557, 584, 

Captain-----------------------------------------------------------------
495, 

Vice-Captain-----------------------------------------------------------------
557, 

Substitutes-----------------------------------------------------------------
155, 237, 621, 

Remaining budget-----------------------------------------------------------------
2.2e+06, 

-----------------------------------------------------------------
