Selected-----------------------------------------------------------------
12, 30, 131, 154, 171, 203, 265, 338, 350, 481, 484, 489, 549, 557, 581, 

Starting-----------------------------------------------------------------
30, 131, 154, 171, 265, 481, 484, 489, 549, 557, 581, 

Captain-----------------------------------------------------------------
484, 

Vice-Captain-----------------------------------------------------------------
171, 

Substitutes-----------------------------------------------------------------
338, 350, 203, 

Remaining budget-----------------------------------------------------------------
PREVIOUS GW: 4.6e+06
THIS GW: 1e+07

Sold-----------------------------------------------------------------
35, 205, 252, 584, 

Bought-----------------------------------------------------------------
30, 154, 265, 549, 

Number of illegal transfers--------------------------------------------------------------
3, 

-----------------------------------------------------------------
