Total expected points: 452.93
Selected-----------------------------------------------------------------
12, 30, 132, 176, 178, 229, 237, 428, 472, 495, 522, 536, 548, 584, 621, 

Starting-----------------------------------------------------------------
30, 132, 176, 178, 428, 472, 495, 522, 536, 548, 584, 

Captain-----------------------------------------------------------------
495, 

Vice-Captain-----------------------------------------------------------------
522, 

Substitutes-----------------------------------------------------------------
229, 621, 237, 

Remaining budget-----------------------------------------------------------------
7.2e+06, 

-----------------------------------------------------------------
