Selected-----------------------------------------------------------------
12, 48, 104, 106, 108, 127, 128, 300, 428, 481, 484, 520, 558, 606, 608, 

Starting-----------------------------------------------------------------
12, 104, 106, 108, 127, 128, 428, 481, 484, 606, 608, 

Captain-----------------------------------------------------------------
128, 

Vice-Captain-----------------------------------------------------------------
104, 

Substitutes-----------------------------------------------------------------
520, 300, 558, 

Remaining budget-----------------------------------------------------------------
PREVIOUS GW: 500000
THIS GW: 1.2e+06

Sold-----------------------------------------------------------------
90, 92, 213, 583, 

Bought-----------------------------------------------------------------
104, 108, 128, 608, 

Number of illegal transfers--------------------------------------------------------------
3, 

-----------------------------------------------------------------
