Selected-----------------------------------------------------------------
12, 48, 92, 105, 106, 127, 271, 397, 427, 481, 484, 536, 583, 606, 610, 

Starting-----------------------------------------------------------------
12, 92, 127, 271, 427, 481, 484, 536, 583, 606, 610, 

Captain-----------------------------------------------------------------
481, 

Vice-Captain-----------------------------------------------------------------
127, 

Substitutes-----------------------------------------------------------------
397, 106, 105, 

Remaining budget-----------------------------------------------------------------
PREVIOUS GW: 2.1e+06
THIS GW: 1.7e+06

Sold-----------------------------------------------------------------
234, 415, 510, 579, 

Bought-----------------------------------------------------------------
127, 484, 536, 610, 

Number of illegal transfers--------------------------------------------------------------
3, 

-----------------------------------------------------------------
