Selected-----------------------------------------------------------------
12, 48, 92, 104, 105, 127, 271, 397, 428, 481, 484, 510, 558, 583, 598, 

Starting-----------------------------------------------------------------
12, 92, 104, 127, 397, 428, 481, 484, 558, 583, 598, 

Captain-----------------------------------------------------------------
558, 

Vice-Captain-----------------------------------------------------------------
104, 

Substitutes-----------------------------------------------------------------
105, 510, 271, 

Remaining budget-----------------------------------------------------------------
PREVIOUS GW: 4.4e+06
THIS GW: 1.5e+06

Sold-----------------------------------------------------------------
234, 415, 548, 610, 

Bought-----------------------------------------------------------------
92, 428, 558, 598, 

Number of illegal transfers--------------------------------------------------------------
3, 

-----------------------------------------------------------------
