Selected-----------------------------------------------------------------
12, 52, 75, 92, 104, 106, 241, 330, 344, 394, 412, 455, 548, 558, 577, 

Starting-----------------------------------------------------------------
12, 75, 104, 106, 330, 344, 394, 412, 548, 558, 577, 

Captain-----------------------------------------------------------------
330, 

Vice-Captain-----------------------------------------------------------------
577, 

Substitutes-----------------------------------------------------------------
455, 92, 241, 

Remaining budget-----------------------------------------------------------------
PREVIOUS GW: 1.07e+07
THIS GW: 6.9e+06

Sold-----------------------------------------------------------------
213, 335, 551, 584, 

Bought-----------------------------------------------------------------
104, 394, 558, 577, 

Number of illegal transfers--------------------------------------------------------------
3, 

-----------------------------------------------------------------
