Selected-----------------------------------------------------------------
23, 30, 131, 186, 205, 252, 259, 330, 386, 394, 481, 484, 549, 581, 584, 

Starting-----------------------------------------------------------------
23, 131, 205, 259, 330, 394, 481, 484, 549, 581, 584, 

Captain-----------------------------------------------------------------
330, 

Vice-Captain-----------------------------------------------------------------
131, 

Substitutes-----------------------------------------------------------------
252, 186, 386, 

Remaining budget-----------------------------------------------------------------
PREVIOUS GW: 6e+06
THIS GW: 900000

Sold-----------------------------------------------------------------
128, 176, 399, 547, 

Bought-----------------------------------------------------------------
131, 205, 330, 581, 

Number of illegal transfers--------------------------------------------------------------
3, 

-----------------------------------------------------------------
