Selected-----------------------------------------------------------------
32, 58, 75, 104, 158, 212, 241, 330, 352, 363, 428, 520, 548, 557, 577, 

Starting-----------------------------------------------------------------
32, 104, 158, 212, 330, 363, 428, 520, 548, 557, 577, 

Captain-----------------------------------------------------------------
428, 

Vice-Captain-----------------------------------------------------------------
557, 

Substitutes-----------------------------------------------------------------
352, 75, 241, 

Remaining budget-----------------------------------------------------------------
PREVIOUS GW: 3.1e+06
THIS GW: 0

Sold-----------------------------------------------------------------
25, 106, 455, 581, 

Bought-----------------------------------------------------------------
32, 158, 428, 557, 

Number of illegal transfers--------------------------------------------------------------
3, 

-----------------------------------------------------------------
