Selected-----------------------------------------------------------------
12, 48, 90, 104, 105, 106, 167, 397, 428, 484, 510, 520, 579, 583, 607, 

Starting-----------------------------------------------------------------
12, 104, 105, 106, 167, 397, 428, 484, 579, 583, 607, 

Captain-----------------------------------------------------------------
583, 

Vice-Captain-----------------------------------------------------------------
105, 

Substitutes-----------------------------------------------------------------
90, 510, 520, 

Remaining budget-----------------------------------------------------------------
PREVIOUS GW: 1.2e+06
THIS GW: 4.3e+06

Sold-----------------------------------------------------------------
58, 158, 259, 557, 

Bought-----------------------------------------------------------------
12, 106, 167, 607, 

Number of illegal transfers--------------------------------------------------------------
3, 

-----------------------------------------------------------------
