Selected-----------------------------------------------------------------
48, 58, 90, 104, 211, 249, 259, 352, 399, 428, 484, 520, 548, 557, 606, 

Starting-----------------------------------------------------------------
48, 90, 211, 259, 352, 428, 484, 520, 548, 557, 606, 

Captain-----------------------------------------------------------------
352, 

Vice-Captain-----------------------------------------------------------------
484, 

Substitutes-----------------------------------------------------------------
399, 104, 249, 

Remaining budget-----------------------------------------------------------------
PREVIOUS GW: 500000
THIS GW: 1.5e+06

Sold-----------------------------------------------------------------
32, 271, 330, 344, 577, 

Bought-----------------------------------------------------------------
48, 211, 352, 484, 606, 

Number of illegal transfers--------------------------------------------------------------
4, 

-----------------------------------------------------------------
