Selected-----------------------------------------------------------------
18, 48, 90, 104, 127, 158, 167, 352, 428, 481, 484, 520, 552, 583, 606, 

Starting-----------------------------------------------------------------
48, 90, 127, 158, 352, 428, 481, 484, 520, 583, 606, 

Captain-----------------------------------------------------------------
484, 

Vice-Captain-----------------------------------------------------------------
481, 

Substitutes-----------------------------------------------------------------
104, 167, 552, 

Remaining budget-----------------------------------------------------------------
PREVIOUS GW: 0
THIS GW: 400000

Sold-----------------------------------------------------------------
249, 363, 397, 399, 557, 

Bought-----------------------------------------------------------------
127, 352, 481, 484, 606, 

Number of illegal transfers--------------------------------------------------------------
4, 

-----------------------------------------------------------------
