Selected-----------------------------------------------------------------
18, 37, 75, 89, 164, 198, 265, 365, 415, 428, 495, 512, 548, 584, 610, 

Starting-----------------------------------------------------------------
18, 75, 164, 198, 365, 415, 428, 495, 512, 548, 584, 

Captain-----------------------------------------------------------------
428, 

Vice-Captain-----------------------------------------------------------------
512, 

Substitutes-----------------------------------------------------------------
89, 610, 265, 

Remaining budget-----------------------------------------------------------------
PREVIOUS GW: 4.2e+06
THIS GW: 600000

Sold-----------------------------------------------------------------
128, 186, 489, 522, 

Bought-----------------------------------------------------------------
164, 198, 428, 512, 

Number of illegal transfers--------------------------------------------------------------
3, 

-----------------------------------------------------------------
