Selected-----------------------------------------------------------------
15, 58, 92, 106, 213, 241, 249, 330, 335, 394, 412, 455, 548, 584, 592, 

Starting-----------------------------------------------------------------
58, 106, 213, 249, 330, 335, 394, 412, 455, 548, 584, 

Captain-----------------------------------------------------------------
330, 

Vice-Captain-----------------------------------------------------------------
335, 

Substitutes-----------------------------------------------------------------
592, 241, 92, 

Remaining budget-----------------------------------------------------------------
PREVIOUS GW: 7.1e+06
THIS GW: 8.5e+06

Sold-----------------------------------------------------------------
12, 271, 308, 557, 

Bought-----------------------------------------------------------------
58, 249, 335, 548, 

Number of illegal transfers--------------------------------------------------------------
3, 

-----------------------------------------------------------------
