Selected-----------------------------------------------------------------
23, 35, 131, 171, 177, 203, 205, 338, 350, 394, 484, 489, 557, 581, 584, 

Starting-----------------------------------------------------------------
35, 131, 171, 177, 338, 350, 484, 489, 557, 581, 584, 

Captain-----------------------------------------------------------------
131, 

Vice-Captain-----------------------------------------------------------------
350, 

Substitutes-----------------------------------------------------------------
394, 205, 203, 

Remaining budget-----------------------------------------------------------------
PREVIOUS GW: 6.2e+06
THIS GW: 6.5e+06

Sold-----------------------------------------------------------------
48, 252, 281, 481, 549, 

Bought-----------------------------------------------------------------
35, 171, 338, 350, 557, 

Number of illegal transfers--------------------------------------------------------------
4, 

-----------------------------------------------------------------
