Selected-----------------------------------------------------------------
9, 48, 121, 131, 232, 252, 259, 330, 394, 481, 484, 531, 549, 581, 584, 

Starting-----------------------------------------------------------------
9, 131, 232, 252, 330, 394, 481, 484, 549, 581, 584, 

Captain-----------------------------------------------------------------
549, 

Vice-Captain-----------------------------------------------------------------
481, 

Substitutes-----------------------------------------------------------------
531, 259, 121, 

Remaining budget-----------------------------------------------------------------
PREVIOUS GW: 5.3e+06
THIS GW: 300000

Sold-----------------------------------------------------------------
20, 186, 350, 576, 

Bought-----------------------------------------------------------------
9, 232, 394, 581, 

Number of illegal transfers--------------------------------------------------------------
3, 

-----------------------------------------------------------------
