Selected-----------------------------------------------------------------
9, 20, 121, 128, 131, 186, 252, 394, 399, 481, 484, 531, 549, 576, 584, 

Starting-----------------------------------------------------------------
9, 121, 131, 252, 394, 481, 484, 531, 549, 576, 584, 

Captain-----------------------------------------------------------------
549, 

Vice-Captain-----------------------------------------------------------------
481, 

Substitutes-----------------------------------------------------------------
399, 186, 128, 

Remaining budget-----------------------------------------------------------------
PREVIOUS GW: 5.4e+06
THIS GW: 5.7e+06

Sold-----------------------------------------------------------------
24, 125, 259, 335, 363, 

Bought-----------------------------------------------------------------
9, 131, 252, 484, 531, 

Number of illegal transfers--------------------------------------------------------------
4, 

-----------------------------------------------------------------
