Selected-----------------------------------------------------------------
12, 52, 75, 106, 178, 241, 259, 365, 394, 428, 455, 495, 557, 577, 584, 

Starting-----------------------------------------------------------------
12, 75, 106, 178, 365, 394, 428, 455, 557, 577, 584, 

Captain-----------------------------------------------------------------
428, 

Vice-Captain-----------------------------------------------------------------
557, 

Substitutes-----------------------------------------------------------------
495, 241, 259, 

Remaining budget-----------------------------------------------------------------
PREVIOUS GW: 9.8e+06
THIS GW: 400000

Sold-----------------------------------------------------------------
25, 176, 237, 449, 481, 548, 608, 

Bought-----------------------------------------------------------------
12, 75, 106, 394, 428, 557, 577, 

Number of illegal transfers--------------------------------------------------------------
6, 

-----------------------------------------------------------------
