Selected-----------------------------------------------------------------
15, 58, 75, 90, 104, 221, 267, 330, 352, 399, 428, 520, 548, 557, 577, 

Starting-----------------------------------------------------------------
58, 90, 104, 267, 330, 399, 428, 520, 548, 557, 577, 

Captain-----------------------------------------------------------------
428, 

Vice-Captain-----------------------------------------------------------------
557, 

Substitutes-----------------------------------------------------------------
352, 75, 221, 

Remaining budget-----------------------------------------------------------------
PREVIOUS GW: 900000
THIS GW: 200000

Sold-----------------------------------------------------------------
68, 106, 455, 581, 

Bought-----------------------------------------------------------------
90, 267, 428, 557, 

Number of illegal transfers--------------------------------------------------------------
3, 

-----------------------------------------------------------------
