Selected-----------------------------------------------------------------
1, 30, 78, 104, 106, 171, 256, 329, 350, 394, 406, 484, 549, 561, 581, 

Starting-----------------------------------------------------------------
1, 78, 104, 106, 171, 256, 329, 406, 484, 549, 561, 

Captain-----------------------------------------------------------------
1, 

Vice-Captain-----------------------------------------------------------------
106, 

Substitutes-----------------------------------------------------------------
581, 350, 394, 

Remaining budget-----------------------------------------------------------------
PREVIOUS GW: 7.5e+06
THIS GW: 2.8e+06

Sold-----------------------------------------------------------------
35, 131, 154, 177, 237, 338, 489, 584, 

Bought-----------------------------------------------------------------
1, 78, 104, 106, 256, 329, 406, 549, 

Number of illegal transfers--------------------------------------------------------------
7, 

-----------------------------------------------------------------
