Selected-----------------------------------------------------------------
30, 48, 128, 176, 186, 222, 259, 279, 330, 363, 399, 519, 549, 584, 606, 

Starting-----------------------------------------------------------------
48, 128, 176, 222, 259, 363, 399, 519, 549, 584, 606, 

Captain-----------------------------------------------------------------
259, 

Vice-Captain-----------------------------------------------------------------
606, 

Substitutes-----------------------------------------------------------------
330, 279, 186, 

Remaining budget-----------------------------------------------------------------
PREVIOUS GW: 6.9e+06
THIS GW: 5.1e+06

Sold-----------------------------------------------------------------
104, 106, 406, 598, 

Bought-----------------------------------------------------------------
222, 259, 399, 606, 

Number of illegal transfers--------------------------------------------------------------
3, 

-----------------------------------------------------------------
