Selected-----------------------------------------------------------------
1, 9, 78, 104, 106, 171, 265, 284, 350, 394, 406, 484, 549, 557, 581, 

Starting-----------------------------------------------------------------
1, 78, 104, 106, 171, 265, 284, 406, 484, 549, 557, 

Captain-----------------------------------------------------------------
1, 

Vice-Captain-----------------------------------------------------------------
106, 

Substitutes-----------------------------------------------------------------
581, 350, 394, 

Remaining budget-----------------------------------------------------------------
PREVIOUS GW: 8.5e+06
THIS GW: 1.6e+06

Sold-----------------------------------------------------------------
35, 154, 177, 237, 338, 489, 

Bought-----------------------------------------------------------------
1, 78, 104, 106, 284, 406, 

Number of illegal transfers--------------------------------------------------------------
5, 

-----------------------------------------------------------------
