Selected-----------------------------------------------------------------
23, 30, 128, 164, 170, 222, 252, 352, 386, 394, 402, 481, 549, 584, 606, 

Starting-----------------------------------------------------------------
23, 164, 222, 252, 352, 386, 394, 402, 481, 549, 584, 

Captain-----------------------------------------------------------------
584, 

Vice-Captain-----------------------------------------------------------------
394, 

Substitutes-----------------------------------------------------------------
128, 606, 170, 

Remaining budget-----------------------------------------------------------------
PREVIOUS GW: 3e+06
THIS GW: 5.8e+06

Sold-----------------------------------------------------------------
48, 125, 399, 451, 

Bought-----------------------------------------------------------------
23, 252, 352, 394, 

Number of illegal transfers--------------------------------------------------------------
3, 

-----------------------------------------------------------------
