Selected-----------------------------------------------------------------
12, 44, 75, 89, 164, 176, 221, 365, 394, 428, 495, 522, 548, 549, 557, 

Starting-----------------------------------------------------------------
44, 75, 164, 176, 365, 394, 428, 495, 522, 549, 557, 

Captain-----------------------------------------------------------------
428, 

Vice-Captain-----------------------------------------------------------------
365, 

Substitutes-----------------------------------------------------------------
548, 89, 221, 

Remaining budget-----------------------------------------------------------------
PREVIOUS GW: 1e+06
THIS GW: 1.8e+06

Sold-----------------------------------------------------------------
37, 178, 186, 583, 

Bought-----------------------------------------------------------------
44, 75, 164, 557, 

Number of illegal transfers--------------------------------------------------------------
3, 

-----------------------------------------------------------------
