Selected-----------------------------------------------------------------
1, 9, 104, 105, 106, 171, 203, 284, 350, 363, 406, 428, 549, 561, 606, 

Starting-----------------------------------------------------------------
1, 104, 105, 106, 203, 284, 363, 406, 428, 549, 606, 

Captain-----------------------------------------------------------------
428, 

Vice-Captain-----------------------------------------------------------------
105, 

Substitutes-----------------------------------------------------------------
171, 561, 350, 

Remaining budget-----------------------------------------------------------------
PREVIOUS GW: 4.6e+06
THIS GW: 2.3e+06

Sold-----------------------------------------------------------------
78, 265, 484, 581, 

Bought-----------------------------------------------------------------
105, 203, 428, 606, 

Number of illegal transfers--------------------------------------------------------------
3, 

-----------------------------------------------------------------
