Selected-----------------------------------------------------------------
30, 48, 104, 106, 128, 176, 186, 300, 363, 428, 481, 519, 584, 606, 608, 

Starting-----------------------------------------------------------------
30, 104, 106, 128, 176, 186, 363, 428, 519, 584, 608, 

Captain-----------------------------------------------------------------
128, 

Vice-Captain-----------------------------------------------------------------
608, 

Substitutes-----------------------------------------------------------------
481, 606, 300, 

Remaining budget-----------------------------------------------------------------
PREVIOUS GW: 600000
THIS GW: 2.7e+06

Sold-----------------------------------------------------------------
12, 484, 558, 598, 

Bought-----------------------------------------------------------------
30, 519, 584, 608, 

Number of illegal transfers--------------------------------------------------------------
3, 

-----------------------------------------------------------------
