Selected-----------------------------------------------------------------
12, 23, 92, 105, 106, 234, 271, 352, 397, 415, 481, 510, 579, 583, 606, 

Starting-----------------------------------------------------------------
23, 92, 105, 106, 234, 271, 397, 415, 481, 583, 606, 

Captain-----------------------------------------------------------------
481, 

Vice-Captain-----------------------------------------------------------------
415, 

Substitutes-----------------------------------------------------------------
352, 579, 510, 

Remaining budget-----------------------------------------------------------------
PREVIOUS GW: 3.3e+06
THIS GW: 4.9e+06

Sold-----------------------------------------------------------------
104, 167, 428, 484, 561, 

Bought-----------------------------------------------------------------
234, 271, 415, 481, 606, 

Number of illegal transfers--------------------------------------------------------------
4, 

-----------------------------------------------------------------
