Selected-----------------------------------------------------------------
9, 48, 131, 154, 205, 252, 259, 350, 394, 481, 484, 489, 549, 576, 581, 

Starting-----------------------------------------------------------------
9, 131, 154, 205, 394, 481, 484, 489, 549, 576, 581, 

Captain-----------------------------------------------------------------
484, 

Vice-Captain-----------------------------------------------------------------
581, 

Substitutes-----------------------------------------------------------------
350, 259, 252, 

Remaining budget-----------------------------------------------------------------
PREVIOUS GW: 2.9e+06
THIS GW: 6.2e+06

Sold-----------------------------------------------------------------
20, 128, 466, 584, 

Bought-----------------------------------------------------------------
9, 154, 481, 549, 

Number of illegal transfers--------------------------------------------------------------
3, 

-----------------------------------------------------------------
