Selected-----------------------------------------------------------------
30, 44, 90, 105, 106, 127, 234, 428, 481, 484, 520, 536, 583, 584, 607, 

Starting-----------------------------------------------------------------
44, 105, 106, 127, 234, 428, 481, 484, 536, 583, 584, 

Captain-----------------------------------------------------------------
481, 

Vice-Captain-----------------------------------------------------------------
583, 

Substitutes-----------------------------------------------------------------
607, 520, 90, 

Remaining budget-----------------------------------------------------------------
PREVIOUS GW: 900000
THIS GW: 500000

Sold-----------------------------------------------------------------
167, 249, 352, 557, 

Bought-----------------------------------------------------------------
127, 234, 536, 584, 

Number of illegal transfers--------------------------------------------------------------
3, 

-----------------------------------------------------------------
