Selected-----------------------------------------------------------------
24, 48, 104, 106, 127, 128, 186, 363, 428, 481, 520, 522, 548, 558, 598, 

Starting-----------------------------------------------------------------
48, 104, 128, 186, 363, 428, 481, 522, 548, 558, 598, 

Captain-----------------------------------------------------------------
548, 

Vice-Captain-----------------------------------------------------------------
598, 

Substitutes-----------------------------------------------------------------
127, 106, 520, 

Remaining budget-----------------------------------------------------------------
PREVIOUS GW: 3.3e+06
THIS GW: 4.5e+06

Sold-----------------------------------------------------------------
271, 415, 484, 606, 610, 

Bought-----------------------------------------------------------------
186, 363, 428, 548, 598, 

Number of illegal transfers--------------------------------------------------------------
4, 

-----------------------------------------------------------------
