Selected-----------------------------------------------------------------
1, 37, 75, 89, 128, 176, 265, 415, 472, 489, 495, 522, 583, 584, 610, 

Starting-----------------------------------------------------------------
1, 75, 128, 176, 415, 472, 489, 495, 522, 583, 584, 

Captain-----------------------------------------------------------------
489, 

Vice-Captain-----------------------------------------------------------------
584, 

Substitutes-----------------------------------------------------------------
89, 610, 265, 

Remaining budget-----------------------------------------------------------------
PREVIOUS GW: 1.4e+06
THIS GW: 1.6e+06

Sold-----------------------------------------------------------------
186, 259, 274, 557, 

Bought-----------------------------------------------------------------
128, 176, 489, 584, 

Number of illegal transfers--------------------------------------------------------------
3, 

-----------------------------------------------------------------
