Selected-----------------------------------------------------------------
24, 37, 125, 128, 176, 186, 259, 326, 363, 399, 481, 519, 549, 584, 606, 

Starting-----------------------------------------------------------------
24, 125, 128, 176, 186, 326, 399, 481, 549, 584, 606, 

Captain-----------------------------------------------------------------
606, 

Vice-Captain-----------------------------------------------------------------
399, 

Substitutes-----------------------------------------------------------------
259, 363, 519, 

Remaining budget-----------------------------------------------------------------
PREVIOUS GW: 3.1e+06
THIS GW: 4.9e+06

Sold-----------------------------------------------------------------
222, 406, 522, 582, 608, 

Bought-----------------------------------------------------------------
125, 326, 481, 549, 584, 

Number of illegal transfers--------------------------------------------------------------
4, 

-----------------------------------------------------------------
