Selected-----------------------------------------------------------------
12, 66, 104, 106, 127, 128, 176, 300, 406, 481, 484, 536, 548, 598, 606, 

Starting-----------------------------------------------------------------
12, 104, 106, 127, 128, 176, 406, 481, 484, 598, 606, 

Captain-----------------------------------------------------------------
128, 

Vice-Captain-----------------------------------------------------------------
104, 

Substitutes-----------------------------------------------------------------
548, 300, 536, 

Remaining budget-----------------------------------------------------------------
PREVIOUS GW: 6.8e+06
THIS GW: 5.7e+06

Sold-----------------------------------------------------------------
92, 105, 428, 558, 

Bought-----------------------------------------------------------------
128, 176, 406, 606, 

Number of illegal transfers--------------------------------------------------------------
3, 

-----------------------------------------------------------------
