Selected-----------------------------------------------------------------
24, 48, 128, 176, 186, 222, 259, 330, 335, 363, 481, 519, 606, 607, 608, 

Starting-----------------------------------------------------------------
48, 128, 176, 222, 259, 363, 481, 519, 606, 607, 608, 

Captain-----------------------------------------------------------------
363, 

Vice-Captain-----------------------------------------------------------------
259, 

Substitutes-----------------------------------------------------------------
335, 330, 186, 

Remaining budget-----------------------------------------------------------------
PREVIOUS GW: 2.2e+06
THIS GW: 7.3e+06

Sold-----------------------------------------------------------------
104, 127, 520, 584, 598, 

Bought-----------------------------------------------------------------
222, 259, 519, 607, 608, 

Number of illegal transfers--------------------------------------------------------------
4, 

-----------------------------------------------------------------
