Selected-----------------------------------------------------------------
12, 30, 106, 128, 176, 186, 259, 279, 363, 399, 512, 519, 584, 606, 608, 

Starting-----------------------------------------------------------------
30, 128, 176, 259, 363, 399, 512, 519, 584, 606, 608, 

Captain-----------------------------------------------------------------
259, 

Vice-Captain-----------------------------------------------------------------
606, 

Substitutes-----------------------------------------------------------------
279, 186, 106, 

Remaining budget-----------------------------------------------------------------
PREVIOUS GW: 2.4e+06
THIS GW: 4.8e+06

Sold-----------------------------------------------------------------
108, 406, 428, 549, 

Bought-----------------------------------------------------------------
259, 399, 512, 606, 

Number of illegal transfers--------------------------------------------------------------
3, 

-----------------------------------------------------------------
