Selected-----------------------------------------------------------------
4, 44, 89, 164, 198, 265, 267, 365, 415, 428, 489, 512, 548, 592, 610, 

Starting-----------------------------------------------------------------
44, 164, 198, 267, 365, 415, 428, 489, 512, 548, 592, 

Captain-----------------------------------------------------------------
512, 

Vice-Captain-----------------------------------------------------------------
365, 

Substitutes-----------------------------------------------------------------
89, 610, 265, 

Remaining budget-----------------------------------------------------------------
PREVIOUS GW: 2.3e+06
THIS GW: 3.1e+06

Sold-----------------------------------------------------------------
37, 186, 259, 472, 522, 583, 

Bought-----------------------------------------------------------------
44, 198, 267, 428, 512, 592, 

Number of illegal transfers--------------------------------------------------------------
5, 

-----------------------------------------------------------------
