Selected-----------------------------------------------------------------
20, 48, 128, 131, 205, 252, 259, 330, 394, 481, 484, 531, 549, 581, 584, 

Starting-----------------------------------------------------------------
48, 131, 205, 252, 330, 394, 481, 484, 549, 581, 584, 

Captain-----------------------------------------------------------------
584, 

Vice-Captain-----------------------------------------------------------------
581, 

Substitutes-----------------------------------------------------------------
531, 128, 259, 

Remaining budget-----------------------------------------------------------------
PREVIOUS GW: 3.9e+06
THIS GW: 2e+06

Sold-----------------------------------------------------------------
176, 186, 466, 606, 

Bought-----------------------------------------------------------------
131, 205, 330, 581, 

Number of illegal transfers--------------------------------------------------------------
3, 

-----------------------------------------------------------------
