Selected-----------------------------------------------------------------
1, 23, 128, 153, 164, 222, 252, 352, 363, 394, 402, 481, 549, 584, 606, 

Starting-----------------------------------------------------------------
23, 164, 222, 252, 352, 363, 394, 402, 481, 549, 584, 

Captain-----------------------------------------------------------------
584, 

Vice-Captain-----------------------------------------------------------------
394, 

Substitutes-----------------------------------------------------------------
153, 128, 606, 

Remaining budget-----------------------------------------------------------------
PREVIOUS GW: 200000
THIS GW: 6.3e+06

Sold-----------------------------------------------------------------
9, 170, 386, 399, 

Bought-----------------------------------------------------------------
23, 252, 352, 394, 

Number of illegal transfers--------------------------------------------------------------
3, 

-----------------------------------------------------------------
