Selected-----------------------------------------------------------------
16, 24, 104, 131, 186, 205, 259, 330, 452, 481, 484, 531, 576, 581, 584, 

Starting-----------------------------------------------------------------
24, 104, 131, 205, 330, 452, 481, 484, 576, 581, 584, 

Captain-----------------------------------------------------------------
584, 

Vice-Captain-----------------------------------------------------------------
131, 

Substitutes-----------------------------------------------------------------
259, 531, 186, 

Remaining budget-----------------------------------------------------------------
PREVIOUS GW: 2.7e+06
THIS GW: 600000

Sold-----------------------------------------------------------------
128, 363, 428, 549, 

Bought-----------------------------------------------------------------
205, 330, 452, 581, 

Number of illegal transfers--------------------------------------------------------------
3, 

-----------------------------------------------------------------
