Selected-----------------------------------------------------------------
16, 25, 75, 89, 92, 164, 176, 365, 428, 455, 481, 495, 557, 584, 621, 

Starting-----------------------------------------------------------------
25, 75, 164, 176, 365, 428, 455, 481, 495, 557, 584, 

Captain-----------------------------------------------------------------
584, 

Vice-Captain-----------------------------------------------------------------
455, 

Substitutes-----------------------------------------------------------------
92, 89, 621, 

Remaining budget-----------------------------------------------------------------
PREVIOUS GW: 2e+06
THIS GW: 2.2e+06

Sold-----------------------------------------------------------------
12, 155, 394, 397, 522, 551, 

Bought-----------------------------------------------------------------
25, 176, 455, 481, 495, 584, 

Number of illegal transfers--------------------------------------------------------------
5, 

-----------------------------------------------------------------
