Selected-----------------------------------------------------------------
1, 9, 78, 104, 106, 171, 265, 338, 363, 394, 406, 484, 549, 561, 581, 

Starting-----------------------------------------------------------------
1, 78, 104, 106, 171, 265, 363, 406, 484, 549, 561, 

Captain-----------------------------------------------------------------
1, 

Vice-Captain-----------------------------------------------------------------
106, 

Substitutes-----------------------------------------------------------------
581, 394, 338, 

Remaining budget-----------------------------------------------------------------
PREVIOUS GW: 9.5e+06
THIS GW: 1.5e+06

Sold-----------------------------------------------------------------
35, 131, 154, 237, 489, 

Bought-----------------------------------------------------------------
1, 78, 104, 106, 406, 

Number of illegal transfers--------------------------------------------------------------
4, 

-----------------------------------------------------------------
