Selected-----------------------------------------------------------------
48, 52, 89, 104, 105, 179, 241, 352, 399, 428, 484, 520, 557, 583, 592, 

Starting-----------------------------------------------------------------
48, 104, 105, 179, 352, 399, 428, 484, 520, 557, 583, 

Captain-----------------------------------------------------------------
428, 

Vice-Captain-----------------------------------------------------------------
557, 

Substitutes-----------------------------------------------------------------
592, 241, 89, 

Remaining budget-----------------------------------------------------------------
PREVIOUS GW: 3e+06
THIS GW: 100000

Sold-----------------------------------------------------------------
75, 92, 330, 548, 

Bought-----------------------------------------------------------------
105, 179, 399, 583, 

Number of illegal transfers--------------------------------------------------------------
3, 

-----------------------------------------------------------------
