Selected-----------------------------------------------------------------
20, 24, 121, 126, 128, 152, 186, 352, 386, 399, 481, 531, 549, 577, 584, 

Starting-----------------------------------------------------------------
20, 121, 126, 186, 352, 399, 481, 531, 549, 577, 584, 

Captain-----------------------------------------------------------------
481, 

Vice-Captain-----------------------------------------------------------------
399, 

Substitutes-----------------------------------------------------------------
386, 152, 128, 

Remaining budget-----------------------------------------------------------------
PREVIOUS GW: 1.5e+06
THIS GW: 7.7e+06

Sold-----------------------------------------------------------------
33, 125, 259, 335, 428, 576, 

Bought-----------------------------------------------------------------
20, 121, 126, 352, 481, 577, 

Number of illegal transfers--------------------------------------------------------------
5, 

-----------------------------------------------------------------
