Selected-----------------------------------------------------------------
9, 30, 79, 131, 203, 205, 252, 330, 352, 394, 481, 489, 549, 581, 584, 

Starting-----------------------------------------------------------------
9, 131, 203, 205, 330, 352, 394, 481, 489, 581, 584, 

Captain-----------------------------------------------------------------
330, 

Vice-Captain-----------------------------------------------------------------
131, 

Substitutes-----------------------------------------------------------------
549, 79, 252, 

Remaining budget-----------------------------------------------------------------
PREVIOUS GW: 9.9e+06
THIS GW: 5.8e+06

Sold-----------------------------------------------------------------
153, 186, 281, 484, 547, 

Bought-----------------------------------------------------------------
203, 205, 330, 489, 581, 

Number of illegal transfers--------------------------------------------------------------
4, 

-----------------------------------------------------------------
