Selected-----------------------------------------------------------------
15, 58, 104, 158, 221, 267, 271, 330, 352, 399, 428, 520, 548, 557, 577, 

Starting-----------------------------------------------------------------
58, 104, 158, 267, 330, 399, 428, 520, 548, 557, 577, 

Captain-----------------------------------------------------------------
428, 

Vice-Captain-----------------------------------------------------------------
557, 

Substitutes-----------------------------------------------------------------
352, 271, 221, 

Remaining budget-----------------------------------------------------------------
PREVIOUS GW: 300000
THIS GW: 100000

Sold-----------------------------------------------------------------
75, 106, 455, 581, 

Bought-----------------------------------------------------------------
158, 267, 399, 557, 

Number of illegal transfers--------------------------------------------------------------
3, 

-----------------------------------------------------------------
