Selected-----------------------------------------------------------------
18, 48, 90, 105, 127, 234, 271, 397, 405, 415, 481, 484, 579, 583, 607, 

Starting-----------------------------------------------------------------
48, 90, 127, 234, 271, 397, 405, 415, 481, 484, 583, 

Captain-----------------------------------------------------------------
481, 

Vice-Captain-----------------------------------------------------------------
484, 

Substitutes-----------------------------------------------------------------
105, 579, 607, 

Remaining budget-----------------------------------------------------------------
PREVIOUS GW: 600000
THIS GW: 2.6e+06

Sold-----------------------------------------------------------------
104, 167, 209, 352, 399, 428, 

Bought-----------------------------------------------------------------
127, 234, 271, 405, 415, 481, 

Number of illegal transfers--------------------------------------------------------------
5, 

-----------------------------------------------------------------
