Selected-----------------------------------------------------------------
1, 30, 78, 104, 106, 171, 265, 307, 338, 394, 406, 484, 549, 557, 581, 

Starting-----------------------------------------------------------------
1, 78, 104, 106, 171, 265, 307, 406, 484, 549, 557, 

Captain-----------------------------------------------------------------
1, 

Vice-Captain-----------------------------------------------------------------
106, 

Substitutes-----------------------------------------------------------------
581, 394, 338, 

Remaining budget-----------------------------------------------------------------
PREVIOUS GW: 9e+06
THIS GW: 1.8e+06

Sold-----------------------------------------------------------------
12, 154, 177, 237, 489, 

Bought-----------------------------------------------------------------
1, 78, 104, 106, 406, 

Number of illegal transfers--------------------------------------------------------------
4, 

-----------------------------------------------------------------
