Selected-----------------------------------------------------------------
23, 66, 90, 105, 106, 234, 271, 397, 415, 427, 481, 520, 583, 606, 615, 

Starting-----------------------------------------------------------------
66, 106, 234, 271, 397, 415, 427, 481, 520, 583, 606, 

Captain-----------------------------------------------------------------
481, 

Vice-Captain-----------------------------------------------------------------
415, 

Substitutes-----------------------------------------------------------------
615, 105, 90, 

Remaining budget-----------------------------------------------------------------
PREVIOUS GW: 3.2e+06
THIS GW: 2.4e+06

Sold-----------------------------------------------------------------
12, 104, 211, 428, 484, 510, 579, 

Bought-----------------------------------------------------------------
66, 234, 271, 415, 481, 520, 606, 

Number of illegal transfers--------------------------------------------------------------
6, 

-----------------------------------------------------------------
