Selected-----------------------------------------------------------------
48, 58, 75, 104, 158, 249, 259, 330, 363, 399, 428, 520, 548, 552, 557, 

Starting-----------------------------------------------------------------
48, 104, 158, 259, 330, 363, 399, 428, 520, 548, 557, 

Captain-----------------------------------------------------------------
428, 

Vice-Captain-----------------------------------------------------------------
557, 

Substitutes-----------------------------------------------------------------
552, 249, 75, 

Remaining budget-----------------------------------------------------------------
PREVIOUS GW: 2.4e+06
THIS GW: 300000

Sold-----------------------------------------------------------------
106, 213, 335, 344, 352, 581, 606, 

Bought-----------------------------------------------------------------
104, 158, 363, 399, 428, 552, 557, 

Number of illegal transfers--------------------------------------------------------------
6, 

-----------------------------------------------------------------
