Selected-----------------------------------------------------------------
12, 30, 75, 92, 104, 164, 241, 308, 330, 394, 428, 455, 548, 584, 592, 

Starting-----------------------------------------------------------------
12, 75, 104, 241, 308, 330, 394, 455, 548, 584, 592, 

Captain-----------------------------------------------------------------
455, 

Vice-Captain-----------------------------------------------------------------
584, 

Substitutes-----------------------------------------------------------------
428, 164, 92, 

Remaining budget-----------------------------------------------------------------
PREVIOUS GW: 1.2e+06
THIS GW: 1.3e+06

Sold-----------------------------------------------------------------
132, 365, 557, 608, 

Bought-----------------------------------------------------------------
104, 330, 548, 592, 

Number of illegal transfers--------------------------------------------------------------
3, 

-----------------------------------------------------------------
