Selected-----------------------------------------------------------------
35, 48, 75, 92, 164, 178, 241, 308, 365, 455, 463, 512, 557, 584, 592, 

Starting-----------------------------------------------------------------
48, 75, 178, 241, 308, 365, 455, 463, 512, 584, 592, 

Captain-----------------------------------------------------------------
455, 

Vice-Captain-----------------------------------------------------------------
592, 

Substitutes-----------------------------------------------------------------
164, 92, 557, 

Remaining budget-----------------------------------------------------------------
PREVIOUS GW: 2.2e+06
THIS GW: 7e+06

Sold-----------------------------------------------------------------
198, 428, 577, 610, 

Bought-----------------------------------------------------------------
241, 463, 584, 592, 

Number of illegal transfers--------------------------------------------------------------
3, 

-----------------------------------------------------------------
