Selected-----------------------------------------------------------------
24, 66, 104, 105, 106, 127, 128, 352, 415, 481, 484, 522, 584, 606, 607, 

Starting-----------------------------------------------------------------
24, 104, 105, 106, 127, 128, 415, 481, 484, 584, 606, 

Captain-----------------------------------------------------------------
481, 

Vice-Captain-----------------------------------------------------------------
606, 

Substitutes-----------------------------------------------------------------
522, 352, 607, 

Remaining budget-----------------------------------------------------------------
PREVIOUS GW: 1e+06
THIS GW: 1.4e+06

Sold-----------------------------------------------------------------
23, 90, 271, 428, 558, 583, 

Bought-----------------------------------------------------------------
24, 106, 128, 415, 584, 606, 

Number of illegal transfers--------------------------------------------------------------
5, 

-----------------------------------------------------------------
