Selected-----------------------------------------------------------------
15, 37, 89, 176, 183, 259, 265, 274, 415, 472, 495, 522, 557, 583, 584, 

Starting-----------------------------------------------------------------
37, 176, 183, 259, 274, 415, 495, 522, 557, 583, 584, 

Captain-----------------------------------------------------------------
415, 

Vice-Captain-----------------------------------------------------------------
495, 

Substitutes-----------------------------------------------------------------
472, 89, 265, 

Remaining budget-----------------------------------------------------------------
PREVIOUS GW: 4.3e+06
THIS GW: 200000

Sold-----------------------------------------------------------------
178, 365, 394, 548, 610, 

Bought-----------------------------------------------------------------
176, 415, 495, 557, 584, 

Number of illegal transfers--------------------------------------------------------------
4, 

-----------------------------------------------------------------
