Selected-----------------------------------------------------------------
24, 48, 90, 106, 127, 234, 271, 397, 427, 481, 484, 520, 548, 583, 610, 

Starting-----------------------------------------------------------------
24, 127, 234, 271, 427, 481, 484, 520, 548, 583, 610, 

Captain-----------------------------------------------------------------
481, 

Vice-Captain-----------------------------------------------------------------
127, 

Substitutes-----------------------------------------------------------------
397, 106, 90, 

Remaining budget-----------------------------------------------------------------
PREVIOUS GW: 1.9e+06
THIS GW: 5.7e+06

Sold-----------------------------------------------------------------
66, 105, 415, 579, 606, 

Bought-----------------------------------------------------------------
24, 127, 484, 548, 610, 

Number of illegal transfers--------------------------------------------------------------
4, 

-----------------------------------------------------------------
