Selected-----------------------------------------------------------------
18, 52, 92, 96, 104, 106, 241, 352, 363, 397, 399, 428, 552, 577, 583, 

Starting-----------------------------------------------------------------
18, 104, 106, 241, 352, 363, 397, 399, 428, 577, 583, 

Captain-----------------------------------------------------------------
428, 

Vice-Captain-----------------------------------------------------------------
399, 

Substitutes-----------------------------------------------------------------
96, 552, 92, 

Remaining budget-----------------------------------------------------------------
PREVIOUS GW: 2.9e+06
THIS GW: 700000

Sold-----------------------------------------------------------------
259, 455, 484, 520, 557, 584, 

Bought-----------------------------------------------------------------
104, 363, 397, 399, 552, 583, 

Number of illegal transfers--------------------------------------------------------------
5, 

-----------------------------------------------------------------
