Selected-----------------------------------------------------------------
25, 52, 75, 89, 92, 93, 164, 365, 394, 428, 455, 481, 557, 584, 621, 

Starting-----------------------------------------------------------------
25, 75, 92, 164, 365, 394, 428, 455, 481, 557, 584, 

Captain-----------------------------------------------------------------
584, 

Vice-Captain-----------------------------------------------------------------
455, 

Substitutes-----------------------------------------------------------------
89, 93, 621, 

Remaining budget-----------------------------------------------------------------
PREVIOUS GW: 1.1e+06
THIS GW: 500000

Sold-----------------------------------------------------------------
12, 397, 415, 616, 

Bought-----------------------------------------------------------------
25, 455, 481, 584, 

Number of illegal transfers--------------------------------------------------------------
3, 

-----------------------------------------------------------------
