Selected-----------------------------------------------------------------
6, 31, 78, 110, 169, 186, 266, 330, 421, 422, 452, 489, 551, 581, 603, 

Starting-----------------------------------------------------------------
31, 78, 110, 186, 330, 422, 452, 489, 551, 581, 603, 

Captain-----------------------------------------------------------------
551, 

Vice-Captain-----------------------------------------------------------------
422, 

Substitutes-----------------------------------------------------------------
421, 266, 169, 

Remaining budget-----------------------------------------------------------------
PREVIOUS GW: 1.3e+06
THIS GW: 2.7e+06

Sold-----------------------------------------------------------------
68, 104, 481, 570, 

Bought-----------------------------------------------------------------
78, 186, 422, 551, 

Number of illegal transfers--------------------------------------------------------------
3, 

-----------------------------------------------------------------
