Total expected points: 74.3636
Selected-----------------------------------------------------------------
1, 12, 131, 132, 176, 178, 229, 428, 472, 495, 522, 536, 548, 584, 608, 

Starting-----------------------------------------------------------------
12, 132, 176, 178, 428, 472, 495, 522, 536, 548, 584, 

Captain-----------------------------------------------------------------
495, 

Vice-Captain-----------------------------------------------------------------
522, 

Substitutes-----------------------------------------------------------------
608, 229, 131, 

Remaining budget-----------------------------------------------------------------
4.2e+06, 

-----------------------------------------------------------------
