Selected-----------------------------------------------------------------
35, 52, 75, 128, 164, 198, 267, 365, 428, 489, 495, 512, 548, 557, 592, 

Starting-----------------------------------------------------------------
35, 75, 164, 198, 267, 365, 428, 489, 512, 557, 592, 

Captain-----------------------------------------------------------------
512, 

Vice-Captain-----------------------------------------------------------------
365, 

Substitutes-----------------------------------------------------------------
548, 495, 128, 

Remaining budget-----------------------------------------------------------------
PREVIOUS GW: 700000
THIS GW: 1.1e+06

Sold-----------------------------------------------------------------
54, 89, 176, 259, 265, 522, 584, 

Bought-----------------------------------------------------------------
35, 75, 164, 198, 267, 512, 592, 

Number of illegal transfers--------------------------------------------------------------
6, 

-----------------------------------------------------------------
