Selected-----------------------------------------------------------------
12, 24, 125, 128, 176, 186, 259, 363, 399, 415, 481, 519, 549, 584, 606, 

Starting-----------------------------------------------------------------
24, 125, 128, 186, 363, 399, 415, 481, 549, 584, 606, 

Captain-----------------------------------------------------------------
606, 

Vice-Captain-----------------------------------------------------------------
399, 

Substitutes-----------------------------------------------------------------
176, 259, 519, 

Remaining budget-----------------------------------------------------------------
PREVIOUS GW: 4.8e+06
THIS GW: 4.1e+06

Sold-----------------------------------------------------------------
106, 406, 598, 608, 

Bought-----------------------------------------------------------------
125, 399, 549, 584, 

Number of illegal transfers--------------------------------------------------------------
3, 

-----------------------------------------------------------------
