Selected-----------------------------------------------------------------
9, 15, 127, 131, 205, 252, 259, 330, 386, 394, 481, 484, 549, 581, 584, 

Starting-----------------------------------------------------------------
9, 131, 205, 259, 330, 394, 481, 484, 549, 581, 584, 

Captain-----------------------------------------------------------------
330, 

Vice-Captain-----------------------------------------------------------------
131, 

Substitutes-----------------------------------------------------------------
252, 386, 127, 

Remaining budget-----------------------------------------------------------------
PREVIOUS GW: 5.9e+06
THIS GW: 800000

Sold-----------------------------------------------------------------
128, 176, 399, 547, 

Bought-----------------------------------------------------------------
131, 205, 330, 581, 

Number of illegal transfers--------------------------------------------------------------
3, 

-----------------------------------------------------------------
