Selected-----------------------------------------------------------------
24, 48, 104, 127, 128, 176, 186, 363, 428, 481, 484, 536, 548, 558, 598, 

Starting-----------------------------------------------------------------
48, 104, 128, 186, 363, 428, 481, 536, 548, 558, 598, 

Captain-----------------------------------------------------------------
548, 

Vice-Captain-----------------------------------------------------------------
598, 

Substitutes-----------------------------------------------------------------
127, 176, 484, 

Remaining budget-----------------------------------------------------------------
PREVIOUS GW: 3.2e+06
THIS GW: 2.5e+06

Sold-----------------------------------------------------------------
75, 415, 520, 606, 610, 

Bought-----------------------------------------------------------------
186, 363, 428, 548, 598, 

Number of illegal transfers--------------------------------------------------------------
4, 

-----------------------------------------------------------------
