Selected-----------------------------------------------------------------
48, 54, 75, 92, 164, 176, 241, 394, 455, 489, 495, 512, 557, 575, 584, 

Starting-----------------------------------------------------------------
54, 75, 176, 241, 394, 455, 489, 495, 512, 557, 584, 

Captain-----------------------------------------------------------------
584, 

Vice-Captain-----------------------------------------------------------------
455, 

Substitutes-----------------------------------------------------------------
164, 92, 575, 

Remaining budget-----------------------------------------------------------------
PREVIOUS GW: 1.1e+06
THIS GW: 6e+06

Sold-----------------------------------------------------------------
18, 89, 365, 428, 

Bought-----------------------------------------------------------------
54, 241, 489, 512, 

Number of illegal transfers--------------------------------------------------------------
3, 

-----------------------------------------------------------------
