Selected-----------------------------------------------------------------
9, 54, 125, 128, 170, 186, 259, 361, 363, 451, 466, 481, 549, 584, 606, 

Starting-----------------------------------------------------------------
9, 125, 128, 259, 361, 451, 466, 481, 549, 584, 606, 

Captain-----------------------------------------------------------------
549, 

Vice-Captain-----------------------------------------------------------------
584, 

Substitutes-----------------------------------------------------------------
363, 170, 186, 

Remaining budget-----------------------------------------------------------------
PREVIOUS GW: 500000
THIS GW: 6.5e+06

Sold-----------------------------------------------------------------
30, 399, 402, 577, 

Bought-----------------------------------------------------------------
9, 361, 466, 549, 

Number of illegal transfers--------------------------------------------------------------
3, 

-----------------------------------------------------------------
