Selected-----------------------------------------------------------------
12, 48, 104, 106, 127, 234, 271, 363, 415, 481, 484, 536, 548, 583, 610, 

Starting-----------------------------------------------------------------
12, 127, 234, 271, 415, 481, 484, 536, 548, 583, 610, 

Captain-----------------------------------------------------------------
481, 

Vice-Captain-----------------------------------------------------------------
127, 

Substitutes-----------------------------------------------------------------
363, 106, 104, 

Remaining budget-----------------------------------------------------------------
PREVIOUS GW: 1.6e+06
THIS GW: 4.8e+06

Sold-----------------------------------------------------------------
105, 352, 397, 606, 615, 

Bought-----------------------------------------------------------------
127, 484, 536, 548, 610, 

Number of illegal transfers--------------------------------------------------------------
4, 

-----------------------------------------------------------------
