Selected-----------------------------------------------------------------
25, 35, 75, 104, 106, 163, 241, 330, 352, 394, 519, 520, 548, 577, 606, 

Starting-----------------------------------------------------------------
25, 104, 106, 163, 330, 352, 519, 520, 548, 577, 606, 

Captain-----------------------------------------------------------------
520, 

Vice-Captain-----------------------------------------------------------------
606, 

Substitutes-----------------------------------------------------------------
394, 75, 241, 

Remaining budget-----------------------------------------------------------------
PREVIOUS GW: 6.9e+06
THIS GW: 3.3e+06

Sold-----------------------------------------------------------------
344, 412, 455, 592, 

Bought-----------------------------------------------------------------
352, 519, 520, 606, 

Number of illegal transfers--------------------------------------------------------------
3, 

-----------------------------------------------------------------
