Selected-----------------------------------------------------------------
12, 52, 75, 106, 163, 213, 241, 330, 363, 394, 412, 455, 548, 557, 577, 

Starting-----------------------------------------------------------------
12, 75, 106, 163, 330, 363, 394, 412, 548, 557, 577, 

Captain-----------------------------------------------------------------
330, 

Vice-Captain-----------------------------------------------------------------
577, 

Substitutes-----------------------------------------------------------------
455, 241, 213, 

Remaining budget-----------------------------------------------------------------
PREVIOUS GW: 5.9e+06
THIS GW: 3.4e+06

Sold-----------------------------------------------------------------
89, 308, 365, 584, 

Bought-----------------------------------------------------------------
163, 363, 394, 577, 

Number of illegal transfers--------------------------------------------------------------
3, 

-----------------------------------------------------------------
