Selected-----------------------------------------------------------------
23, 24, 131, 164, 186, 252, 259, 352, 386, 394, 481, 484, 547, 549, 584, 

Starting-----------------------------------------------------------------
23, 131, 252, 259, 352, 394, 481, 484, 547, 549, 584, 

Captain-----------------------------------------------------------------
252, 

Vice-Captain-----------------------------------------------------------------
481, 

Substitutes-----------------------------------------------------------------
186, 164, 386, 

Remaining budget-----------------------------------------------------------------
PREVIOUS GW: 2.9e+06
THIS GW: 1.04e+07

Sold-----------------------------------------------------------------
30, 128, 399, 606, 

Bought-----------------------------------------------------------------
23, 131, 484, 547, 

Number of illegal transfers--------------------------------------------------------------
3, 

-----------------------------------------------------------------
