Selected-----------------------------------------------------------------
24, 48, 75, 104, 127, 128, 241, 363, 428, 481, 484, 536, 548, 558, 598, 

Starting-----------------------------------------------------------------
48, 104, 127, 128, 363, 428, 481, 536, 548, 558, 598, 

Captain-----------------------------------------------------------------
548, 

Vice-Captain-----------------------------------------------------------------
598, 

Substitutes-----------------------------------------------------------------
75, 484, 241, 

Remaining budget-----------------------------------------------------------------
PREVIOUS GW: 2.1e+06
THIS GW: 3.7e+06

Sold-----------------------------------------------------------------
352, 520, 583, 606, 

Bought-----------------------------------------------------------------
363, 428, 548, 598, 

Number of illegal transfers--------------------------------------------------------------
3, 

-----------------------------------------------------------------
