Selected-----------------------------------------------------------------
12, 48, 105, 106, 158, 234, 271, 397, 405, 415, 481, 484, 579, 583, 607, 

Starting-----------------------------------------------------------------
48, 106, 158, 234, 271, 397, 405, 415, 481, 484, 583, 

Captain-----------------------------------------------------------------
481, 

Vice-Captain-----------------------------------------------------------------
484, 

Substitutes-----------------------------------------------------------------
105, 579, 607, 

Remaining budget-----------------------------------------------------------------
PREVIOUS GW: 4.3e+06
THIS GW: 1.3e+06

Sold-----------------------------------------------------------------
90, 104, 352, 428, 510, 

Bought-----------------------------------------------------------------
234, 271, 405, 415, 481, 

Number of illegal transfers--------------------------------------------------------------
4, 

-----------------------------------------------------------------
