Selected-----------------------------------------------------------------
30, 44, 75, 132, 164, 221, 267, 365, 415, 428, 455, 495, 548, 557, 577, 

Starting-----------------------------------------------------------------
44, 75, 164, 267, 365, 415, 428, 455, 495, 557, 577, 

Captain-----------------------------------------------------------------
428, 

Vice-Captain-----------------------------------------------------------------
75, 

Substitutes-----------------------------------------------------------------
548, 132, 221, 

Remaining budget-----------------------------------------------------------------
PREVIOUS GW: 6.6e+06
THIS GW: 1.5e+06

Sold-----------------------------------------------------------------
12, 176, 178, 229, 472, 522, 536, 584, 608, 

Bought-----------------------------------------------------------------
44, 75, 164, 267, 365, 415, 455, 557, 577, 

Number of illegal transfers--------------------------------------------------------------
8, 

-----------------------------------------------------------------
