Selected-----------------------------------------------------------------
7, 23, 75, 104, 145, 162, 230, 372, 394, 412, 415, 531, 567, 577, 606, 

Starting-----------------------------------------------------------------
7, 75, 104, 162, 372, 394, 412, 415, 531, 567, 577, 505, 567, 584, 620, 

Captain-----------------------------------------------------------------
372, 

Vice-Captain-----------------------------------------------------------------
531, 

Substitutes-----------------------------------------------------------------
145, 606, 145, 

Remaining budget-----------------------------------------------------------------
7.7e+06, 

Sold-----------------------------------------------------------------
137, 269, 337, 405, 489, 575, 551, 592, 372, 386, 427, 505, 567, 584, 620, 

Bought-----------------------------------------------------------------
104, 162, 372, 412, 531, 577, 558, 567, 329, 400, 440, 458, 559, 577, 582, 

Number of illegal transfers--------------------------------------------------------------
5, 

Wildcard used-----------------------------------------------------------------
0, 

Triple captain used-----------------------------------------------------------------
0, 

Bench boost used-----------------------------------------------------------------
0, 

Free hit used-----------------------------------------------------------------
0, 

-----------------------------------------------------------------
