Selected-----------------------------------------------------------------
12, 48, 75, 106, 211, 241, 259, 352, 363, 428, 484, 520, 548, 557, 606, 

Starting-----------------------------------------------------------------
48, 106, 211, 259, 352, 363, 428, 484, 520, 557, 606, 

Captain-----------------------------------------------------------------
484, 

Vice-Captain-----------------------------------------------------------------
352, 

Substitutes-----------------------------------------------------------------
548, 241, 75, 

Remaining budget-----------------------------------------------------------------
PREVIOUS GW: 600000
THIS GW: 2.3e+06

Sold-----------------------------------------------------------------
52, 89, 335, 365, 

Bought-----------------------------------------------------------------
48, 211, 352, 484, 

Number of illegal transfers--------------------------------------------------------------
3, 

-----------------------------------------------------------------
