Selected-----------------------------------------------------------------
12, 17, 125, 128, 176, 186, 259, 330, 363, 399, 451, 481, 549, 577, 606, 

Starting-----------------------------------------------------------------
17, 125, 128, 186, 330, 399, 451, 481, 549, 577, 606, 

Captain-----------------------------------------------------------------
399, 

Vice-Captain-----------------------------------------------------------------
606, 

Substitutes-----------------------------------------------------------------
259, 363, 176, 

Remaining budget-----------------------------------------------------------------
PREVIOUS GW: 2e+06
THIS GW: 1.9e+06

Sold-----------------------------------------------------------------
30, 104, 279, 519, 584, 

Bought-----------------------------------------------------------------
17, 125, 451, 481, 577, 

Number of illegal transfers--------------------------------------------------------------
4, 

-----------------------------------------------------------------
