Selected-----------------------------------------------------------------
12, 23, 104, 106, 249, 259, 271, 330, 352, 399, 428, 520, 548, 592, 606, 

Starting-----------------------------------------------------------------
23, 104, 106, 259, 330, 352, 399, 428, 520, 548, 606, 

Captain-----------------------------------------------------------------
352, 

Vice-Captain-----------------------------------------------------------------
520, 

Substitutes-----------------------------------------------------------------
271, 249, 592, 

Remaining budget-----------------------------------------------------------------
PREVIOUS GW: 0
THIS GW: 800000

Sold-----------------------------------------------------------------
241, 344, 363, 557, 577, 

Bought-----------------------------------------------------------------
104, 352, 520, 548, 606, 

Number of illegal transfers--------------------------------------------------------------
4, 

-----------------------------------------------------------------
