Selected-----------------------------------------------------------------
12, 48, 75, 92, 104, 127, 234, 428, 481, 484, 520, 536, 558, 583, 610, 

Starting-----------------------------------------------------------------
12, 75, 92, 127, 428, 481, 484, 536, 558, 583, 610, 

Captain-----------------------------------------------------------------
583, 

Vice-Captain-----------------------------------------------------------------
481, 

Substitutes-----------------------------------------------------------------
104, 234, 520, 

Remaining budget-----------------------------------------------------------------
PREVIOUS GW: 4e+06
THIS GW: 100000

Sold-----------------------------------------------------------------
18, 106, 397, 607, 

Bought-----------------------------------------------------------------
12, 75, 428, 610, 

Number of illegal transfers--------------------------------------------------------------
3, 

-----------------------------------------------------------------
