Selected-----------------------------------------------------------------
18, 37, 104, 106, 127, 128, 176, 300, 397, 428, 481, 520, 548, 606, 608, 

Starting-----------------------------------------------------------------
18, 104, 106, 127, 128, 176, 428, 481, 520, 606, 608, 

Captain-----------------------------------------------------------------
128, 

Vice-Captain-----------------------------------------------------------------
104, 

Substitutes-----------------------------------------------------------------
548, 300, 397, 

Remaining budget-----------------------------------------------------------------
PREVIOUS GW: 100000
THIS GW: 400000

Sold-----------------------------------------------------------------
92, 271, 558, 583, 

Bought-----------------------------------------------------------------
104, 128, 606, 608, 

Number of illegal transfers--------------------------------------------------------------
3, 

-----------------------------------------------------------------
