Selected-----------------------------------------------------------------
30, 52, 104, 105, 106, 128, 186, 279, 300, 363, 406, 519, 548, 584, 606, 

Starting-----------------------------------------------------------------
30, 104, 128, 186, 279, 363, 406, 519, 548, 584, 606, 

Captain-----------------------------------------------------------------
584, 

Vice-Captain-----------------------------------------------------------------
186, 

Substitutes-----------------------------------------------------------------
106, 105, 300, 

Remaining budget-----------------------------------------------------------------
PREVIOUS GW: 2.7e+06
THIS GW: 3e+06

Sold-----------------------------------------------------------------
12, 481, 520, 558, 

Bought-----------------------------------------------------------------
30, 279, 519, 584, 

Number of illegal transfers--------------------------------------------------------------
3, 

-----------------------------------------------------------------
