Selected-----------------------------------------------------------------
24, 48, 106, 127, 158, 234, 271, 397, 415, 427, 481, 536, 548, 583, 606, 

Starting-----------------------------------------------------------------
24, 127, 234, 271, 415, 427, 481, 536, 548, 583, 606, 

Captain-----------------------------------------------------------------
481, 

Vice-Captain-----------------------------------------------------------------
127, 

Substitutes-----------------------------------------------------------------
397, 106, 158, 

Remaining budget-----------------------------------------------------------------
PREVIOUS GW: 1.4e+06
THIS GW: 600000

Sold-----------------------------------------------------------------
12, 105, 519, 579, 

Bought-----------------------------------------------------------------
24, 127, 536, 548, 

Number of illegal transfers--------------------------------------------------------------
3, 

-----------------------------------------------------------------
