Selected-----------------------------------------------------------------
37, 48, 75, 155, 176, 221, 259, 365, 415, 495, 522, 536, 583, 584, 610, 

Starting-----------------------------------------------------------------
37, 75, 155, 176, 365, 415, 495, 522, 583, 584, 610, 

Captain-----------------------------------------------------------------
522, 

Vice-Captain-----------------------------------------------------------------
365, 

Substitutes-----------------------------------------------------------------
536, 259, 221, 

Remaining budget-----------------------------------------------------------------
PREVIOUS GW: 300000
THIS GW: 3.3e+06

Sold-----------------------------------------------------------------
25, 131, 361, 406, 557, 576, 

Bought-----------------------------------------------------------------
37, 75, 365, 522, 583, 610, 

Number of illegal transfers--------------------------------------------------------------
5, 

-----------------------------------------------------------------
