Selected-----------------------------------------------------------------
24, 48, 75, 92, 104, 127, 128, 415, 481, 484, 520, 536, 583, 606, 610, 

Starting-----------------------------------------------------------------
24, 104, 127, 128, 415, 481, 484, 520, 583, 606, 610, 

Captain-----------------------------------------------------------------
481, 

Vice-Captain-----------------------------------------------------------------
128, 

Substitutes-----------------------------------------------------------------
75, 536, 92, 

Remaining budget-----------------------------------------------------------------
PREVIOUS GW: 500000
THIS GW: 2.3e+06

Sold-----------------------------------------------------------------
37, 210, 428, 558, 

Bought-----------------------------------------------------------------
24, 128, 415, 606, 

Number of illegal transfers--------------------------------------------------------------
3, 

-----------------------------------------------------------------
