Selected-----------------------------------------------------------------
12, 30, 92, 104, 164, 237, 241, 330, 365, 394, 455, 512, 548, 557, 584, 

Starting-----------------------------------------------------------------
12, 104, 237, 241, 330, 394, 455, 512, 548, 557, 584, 

Captain-----------------------------------------------------------------
455, 

Vice-Captain-----------------------------------------------------------------
584, 

Substitutes-----------------------------------------------------------------
365, 164, 92, 

Remaining budget-----------------------------------------------------------------
PREVIOUS GW: 1.2e+06
THIS GW: 800000

Sold-----------------------------------------------------------------
75, 132, 428, 553, 577, 

Bought-----------------------------------------------------------------
104, 241, 330, 548, 584, 

Number of illegal transfers--------------------------------------------------------------
4, 

-----------------------------------------------------------------
