Selected-----------------------------------------------------------------
12, 48, 90, 105, 106, 259, 267, 352, 363, 397, 428, 484, 548, 579, 583, 

Starting-----------------------------------------------------------------
12, 105, 106, 267, 352, 363, 397, 428, 484, 579, 583, 

Captain-----------------------------------------------------------------
105, 

Vice-Captain-----------------------------------------------------------------
397, 

Substitutes-----------------------------------------------------------------
90, 548, 259, 

Remaining budget-----------------------------------------------------------------
PREVIOUS GW: 2.7e+06
THIS GW: 2.5e+06

Sold-----------------------------------------------------------------
211, 520, 557, 606, 

Bought-----------------------------------------------------------------
105, 397, 579, 583, 

Number of illegal transfers--------------------------------------------------------------
3, 

-----------------------------------------------------------------
