Selected-----------------------------------------------------------------
15, 50, 75, 79, 96, 104, 251, 330, 400, 428, 429, 501, 545, 551, 566, 

Starting-----------------------------------------------------------------
50, 75, 79, 104, 251, 330, 400, 428, 429, 501, 551, 

Captain-----------------------------------------------------------------
400, 

Vice-Captain-----------------------------------------------------------------
429, 

Substitutes-----------------------------------------------------------------
96, 566, 545, 

Remaining budget-----------------------------------------------------------------
PREVIOUS GW: 8.5e+06
THIS GW: 4.7e+06

Sold-----------------------------------------------------------------
100, 105, 282, 463, 

Bought-----------------------------------------------------------------
75, 79, 428, 429, 

Number of illegal transfers--------------------------------------------------------------
3, 

-----------------------------------------------------------------
