Selected-----------------------------------------------------------------
25, 35, 75, 164, 198, 241, 259, 308, 365, 455, 463, 512, 557, 584, 592, 

Starting-----------------------------------------------------------------
25, 75, 164, 241, 308, 365, 455, 463, 512, 584, 592, 

Captain-----------------------------------------------------------------
455, 

Vice-Captain-----------------------------------------------------------------
592, 

Substitutes-----------------------------------------------------------------
198, 557, 259, 

Remaining budget-----------------------------------------------------------------
PREVIOUS GW: 3.8e+06
THIS GW: 6.2e+06

Sold-----------------------------------------------------------------
15, 162, 428, 549, 577, 

Bought-----------------------------------------------------------------
25, 241, 463, 584, 592, 

Number of illegal transfers--------------------------------------------------------------
4, 

-----------------------------------------------------------------
