Selected-----------------------------------------------------------------
12, 48, 105, 106, 127, 167, 271, 415, 481, 484, 520, 536, 548, 583, 610, 

Starting-----------------------------------------------------------------
12, 106, 127, 271, 481, 484, 520, 536, 548, 583, 610, 

Captain-----------------------------------------------------------------
481, 

Vice-Captain-----------------------------------------------------------------
127, 

Substitutes-----------------------------------------------------------------
415, 105, 167, 

Remaining budget-----------------------------------------------------------------
PREVIOUS GW: 6.2e+06
THIS GW: 6.5e+06

Sold-----------------------------------------------------------------
241, 397, 579, 615, 

Bought-----------------------------------------------------------------
127, 536, 548, 610, 

Number of illegal transfers--------------------------------------------------------------
3, 

-----------------------------------------------------------------
