Selected-----------------------------------------------------------------
12, 15, 89, 106, 127, 164, 221, 399, 428, 481, 484, 520, 548, 549, 557, 

Starting-----------------------------------------------------------------
12, 106, 127, 164, 399, 428, 481, 484, 520, 548, 557, 

Captain-----------------------------------------------------------------
484, 

Vice-Captain-----------------------------------------------------------------
481, 

Substitutes-----------------------------------------------------------------
549, 89, 221, 

Remaining budget-----------------------------------------------------------------
PREVIOUS GW: 800000
THIS GW: 1.7e+06

Sold-----------------------------------------------------------------
75, 330, 397, 592, 

Bought-----------------------------------------------------------------
127, 481, 484, 548, 

Number of illegal transfers--------------------------------------------------------------
3, 

-----------------------------------------------------------------
