Selected-----------------------------------------------------------------
35, 52, 75, 89, 164, 198, 259, 365, 406, 415, 489, 512, 557, 592, 610, 

Starting-----------------------------------------------------------------
35, 75, 164, 198, 365, 406, 415, 489, 512, 557, 592, 

Captain-----------------------------------------------------------------
512, 

Vice-Captain-----------------------------------------------------------------
365, 

Substitutes-----------------------------------------------------------------
89, 259, 610, 

Remaining budget-----------------------------------------------------------------
PREVIOUS GW: 500000
THIS GW: 0

Sold-----------------------------------------------------------------
37, 128, 176, 265, 495, 522, 584, 

Bought-----------------------------------------------------------------
35, 75, 164, 198, 365, 512, 592, 

Number of illegal transfers--------------------------------------------------------------
6, 

-----------------------------------------------------------------
