Selected-----------------------------------------------------------------
1, 35, 78, 104, 105, 106, 203, 307, 363, 394, 406, 428, 549, 561, 606, 

Starting-----------------------------------------------------------------
1, 78, 104, 105, 106, 203, 363, 394, 406, 428, 606, 

Captain-----------------------------------------------------------------
428, 

Vice-Captain-----------------------------------------------------------------
105, 

Substitutes-----------------------------------------------------------------
549, 561, 307, 

Remaining budget-----------------------------------------------------------------
PREVIOUS GW: 300000
THIS GW: 200000

Sold-----------------------------------------------------------------
171, 237, 484, 557, 

Bought-----------------------------------------------------------------
105, 203, 394, 606, 

Number of illegal transfers--------------------------------------------------------------
3, 

-----------------------------------------------------------------
