Selected-----------------------------------------------------------------
52, 54, 89, 128, 176, 259, 265, 415, 428, 489, 495, 522, 557, 584, 610, 

Starting-----------------------------------------------------------------
54, 89, 128, 176, 415, 428, 489, 495, 522, 557, 584, 

Captain-----------------------------------------------------------------
489, 

Vice-Captain-----------------------------------------------------------------
584, 

Substitutes-----------------------------------------------------------------
610, 259, 265, 

Remaining budget-----------------------------------------------------------------
PREVIOUS GW: 2e+06
THIS GW: 400000

Sold-----------------------------------------------------------------
37, 183, 186, 361, 577, 

Bought-----------------------------------------------------------------
54, 128, 176, 489, 584, 

Number of illegal transfers--------------------------------------------------------------
4, 

-----------------------------------------------------------------
