Selected-----------------------------------------------------------------
12, 44, 75, 104, 106, 176, 259, 330, 352, 399, 455, 520, 548, 577, 581, 

Starting-----------------------------------------------------------------
44, 104, 106, 259, 330, 352, 399, 520, 548, 577, 581, 

Captain-----------------------------------------------------------------
520, 

Vice-Captain-----------------------------------------------------------------
548, 

Substitutes-----------------------------------------------------------------
455, 176, 75, 

Remaining budget-----------------------------------------------------------------
PREVIOUS GW: 1.4e+06
THIS GW: 100000

Sold-----------------------------------------------------------------
241, 365, 394, 592, 

Bought-----------------------------------------------------------------
259, 352, 520, 581, 

Number of illegal transfers--------------------------------------------------------------
3, 

-----------------------------------------------------------------
