Selected-----------------------------------------------------------------
30, 48, 104, 128, 186, 222, 259, 330, 363, 399, 402, 531, 549, 584, 608, 

Starting-----------------------------------------------------------------
30, 104, 128, 222, 330, 363, 399, 402, 549, 584, 608, 

Captain-----------------------------------------------------------------
363, 

Vice-Captain-----------------------------------------------------------------
584, 

Substitutes-----------------------------------------------------------------
531, 186, 259, 

Remaining budget-----------------------------------------------------------------
PREVIOUS GW: 2.7e+06
THIS GW: 6.2e+06

Sold-----------------------------------------------------------------
24, 176, 428, 481, 519, 

Bought-----------------------------------------------------------------
30, 222, 363, 399, 402, 

Number of illegal transfers--------------------------------------------------------------
4, 

-----------------------------------------------------------------
