Selected-----------------------------------------------------------------
1, 23, 78, 105, 106, 171, 203, 307, 329, 394, 406, 428, 549, 561, 606, 

Starting-----------------------------------------------------------------
1, 78, 105, 106, 203, 329, 394, 406, 428, 549, 606, 

Captain-----------------------------------------------------------------
428, 

Vice-Captain-----------------------------------------------------------------
105, 

Substitutes-----------------------------------------------------------------
171, 561, 307, 

Remaining budget-----------------------------------------------------------------
PREVIOUS GW: 8e+06
THIS GW: 2.5e+06

Sold-----------------------------------------------------------------
92, 265, 463, 484, 581, 

Bought-----------------------------------------------------------------
105, 203, 394, 428, 606, 

Number of illegal transfers--------------------------------------------------------------
4, 

-----------------------------------------------------------------
