Selected-----------------------------------------------------------------
25, 48, 75, 131, 176, 229, 259, 365, 406, 415, 495, 512, 577, 584, 621, 

Starting-----------------------------------------------------------------
25, 75, 176, 229, 365, 406, 415, 495, 512, 577, 584, 

Captain-----------------------------------------------------------------
75, 

Vice-Captain-----------------------------------------------------------------
406, 

Substitutes-----------------------------------------------------------------
131, 259, 621, 

Remaining budget-----------------------------------------------------------------
PREVIOUS GW: 4.6e+06
THIS GW: 1.8e+06

Sold-----------------------------------------------------------------
166, 361, 522, 548, 

Bought-----------------------------------------------------------------
75, 365, 512, 577, 

Number of illegal transfers--------------------------------------------------------------
3, 

-----------------------------------------------------------------
