Selected-----------------------------------------------------------------
12, 48, 90, 92, 104, 127, 259, 300, 397, 481, 484, 520, 558, 583, 606, 

Starting-----------------------------------------------------------------
48, 92, 104, 127, 300, 481, 484, 520, 558, 583, 606, 

Captain-----------------------------------------------------------------
558, 

Vice-Captain-----------------------------------------------------------------
300, 

Substitutes-----------------------------------------------------------------
397, 90, 259, 

Remaining budget-----------------------------------------------------------------
PREVIOUS GW: 2.2e+06
THIS GW: 5.2e+06

Sold-----------------------------------------------------------------
271, 415, 427, 610, 

Bought-----------------------------------------------------------------
92, 300, 520, 558, 

Number of illegal transfers--------------------------------------------------------------
3, 

-----------------------------------------------------------------
