Selected-----------------------------------------------------------------
24, 48, 104, 127, 128, 176, 186, 277, 363, 428, 481, 536, 548, 583, 598, 

Starting-----------------------------------------------------------------
48, 104, 128, 186, 277, 363, 428, 536, 548, 583, 598, 

Captain-----------------------------------------------------------------
548, 

Vice-Captain-----------------------------------------------------------------
598, 

Substitutes-----------------------------------------------------------------
481, 127, 176, 

Remaining budget-----------------------------------------------------------------
PREVIOUS GW: 500000
THIS GW: 2.6e+06

Sold-----------------------------------------------------------------
106, 415, 484, 522, 606, 

Bought-----------------------------------------------------------------
186, 277, 363, 428, 548, 

Number of illegal transfers--------------------------------------------------------------
4, 

-----------------------------------------------------------------
