Selected-----------------------------------------------------------------
12, 48, 75, 89, 104, 106, 259, 330, 352, 399, 455, 520, 577, 581, 584, 

Starting-----------------------------------------------------------------
48, 104, 106, 259, 330, 352, 399, 520, 577, 581, 584, 

Captain-----------------------------------------------------------------
520, 

Vice-Captain-----------------------------------------------------------------
581, 

Substitutes-----------------------------------------------------------------
455, 89, 75, 

Remaining budget-----------------------------------------------------------------
PREVIOUS GW: 1.9e+06
THIS GW: 0

Sold-----------------------------------------------------------------
241, 363, 394, 592, 

Bought-----------------------------------------------------------------
259, 352, 520, 581, 

Number of illegal transfers--------------------------------------------------------------
3, 

-----------------------------------------------------------------
