Selected-----------------------------------------------------------------
12, 30, 106, 108, 128, 176, 186, 279, 330, 363, 406, 519, 548, 549, 584, 

Starting-----------------------------------------------------------------
30, 108, 128, 176, 186, 279, 330, 363, 519, 549, 584, 

Captain-----------------------------------------------------------------
584, 

Vice-Captain-----------------------------------------------------------------
186, 

Substitutes-----------------------------------------------------------------
548, 406, 106, 

Remaining budget-----------------------------------------------------------------
PREVIOUS GW: 5.7e+06
THIS GW: 3.5e+06

Sold-----------------------------------------------------------------
23, 481, 484, 598, 

Bought-----------------------------------------------------------------
30, 330, 519, 584, 

Number of illegal transfers--------------------------------------------------------------
3, 

-----------------------------------------------------------------
