Selected-----------------------------------------------------------------
1, 24, 104, 106, 128, 131, 186, 330, 350, 481, 484, 531, 549, 576, 584, 

Starting-----------------------------------------------------------------
24, 104, 131, 186, 330, 350, 481, 484, 549, 576, 584, 

Captain-----------------------------------------------------------------
576, 

Vice-Captain-----------------------------------------------------------------
584, 

Substitutes-----------------------------------------------------------------
106, 531, 128, 

Remaining budget-----------------------------------------------------------------
PREVIOUS GW: 3.1e+06
THIS GW: 1.2e+06

Sold-----------------------------------------------------------------
259, 300, 363, 606, 

Bought-----------------------------------------------------------------
131, 330, 350, 576, 

Number of illegal transfers--------------------------------------------------------------
3, 

-----------------------------------------------------------------
