Selected-----------------------------------------------------------------
44, 48, 104, 105, 106, 211, 267, 352, 397, 428, 484, 510, 561, 579, 583, 

Starting-----------------------------------------------------------------
44, 104, 105, 106, 267, 352, 397, 428, 484, 579, 583, 

Captain-----------------------------------------------------------------
105, 

Vice-Captain-----------------------------------------------------------------
397, 

Substitutes-----------------------------------------------------------------
561, 510, 211, 

Remaining budget-----------------------------------------------------------------
PREVIOUS GW: 4.6e+06
THIS GW: 3.6e+06

Sold-----------------------------------------------------------------
92, 259, 520, 557, 606, 

Bought-----------------------------------------------------------------
105, 106, 397, 579, 583, 

Number of illegal transfers--------------------------------------------------------------
4, 

-----------------------------------------------------------------
