Selected-----------------------------------------------------------------
48, 58, 90, 104, 105, 212, 259, 352, 399, 428, 484, 510, 557, 579, 583, 

Starting-----------------------------------------------------------------
48, 90, 104, 105, 352, 399, 428, 484, 557, 579, 583, 

Captain-----------------------------------------------------------------
428, 

Vice-Captain-----------------------------------------------------------------
583, 

Substitutes-----------------------------------------------------------------
510, 212, 259, 

Remaining budget-----------------------------------------------------------------
PREVIOUS GW: 8.2e+06
THIS GW: 600000

Sold-----------------------------------------------------------------
267, 520, 548, 561, 

Bought-----------------------------------------------------------------
105, 399, 579, 583, 

Number of illegal transfers--------------------------------------------------------------
3, 

-----------------------------------------------------------------
