Selected-----------------------------------------------------------------
9, 12, 128, 131, 186, 252, 259, 281, 386, 394, 481, 484, 547, 549, 584, 

Starting-----------------------------------------------------------------
9, 131, 252, 259, 281, 394, 481, 484, 547, 549, 584, 

Captain-----------------------------------------------------------------
252, 

Vice-Captain-----------------------------------------------------------------
481, 

Substitutes-----------------------------------------------------------------
186, 386, 128, 

Remaining budget-----------------------------------------------------------------
PREVIOUS GW: 2.4e+06
THIS GW: 6.9e+06

Sold-----------------------------------------------------------------
222, 399, 402, 606, 

Bought-----------------------------------------------------------------
131, 281, 484, 547, 

Number of illegal transfers--------------------------------------------------------------
3, 

-----------------------------------------------------------------
