Selected-----------------------------------------------------------------
30, 66, 104, 106, 128, 176, 186, 279, 363, 406, 428, 519, 548, 549, 584, 

Starting-----------------------------------------------------------------
30, 104, 128, 176, 186, 279, 363, 428, 519, 549, 584, 

Captain-----------------------------------------------------------------
584, 

Vice-Captain-----------------------------------------------------------------
186, 

Substitutes-----------------------------------------------------------------
548, 406, 106, 

Remaining budget-----------------------------------------------------------------
PREVIOUS GW: 6.1e+06
THIS GW: 1.9e+06

Sold-----------------------------------------------------------------
12, 300, 481, 598, 

Bought-----------------------------------------------------------------
30, 279, 519, 584, 

Number of illegal transfers--------------------------------------------------------------
3, 

-----------------------------------------------------------------
