Selected-----------------------------------------------------------------
30, 37, 104, 106, 127, 210, 234, 397, 427, 481, 484, 536, 583, 584, 607, 

Starting-----------------------------------------------------------------
37, 106, 127, 234, 397, 427, 481, 484, 536, 583, 584, 

Captain-----------------------------------------------------------------
481, 

Vice-Captain-----------------------------------------------------------------
583, 

Substitutes-----------------------------------------------------------------
607, 104, 210, 

Remaining budget-----------------------------------------------------------------
PREVIOUS GW: 1.8e+06
THIS GW: 800000

Sold-----------------------------------------------------------------
48, 352, 428, 579, 

Bought-----------------------------------------------------------------
37, 427, 536, 584, 

Number of illegal transfers--------------------------------------------------------------
3, 

-----------------------------------------------------------------
