Selected-----------------------------------------------------------------
12, 44, 92, 104, 106, 163, 259, 352, 363, 428, 519, 520, 548, 557, 606, 

Starting-----------------------------------------------------------------
44, 104, 106, 163, 352, 363, 428, 520, 548, 557, 606, 

Captain-----------------------------------------------------------------
428, 

Vice-Captain-----------------------------------------------------------------
557, 

Substitutes-----------------------------------------------------------------
259, 519, 92, 

Remaining budget-----------------------------------------------------------------
PREVIOUS GW: 4.9e+06
THIS GW: 3.1e+06

Sold-----------------------------------------------------------------
25, 330, 394, 577, 

Bought-----------------------------------------------------------------
44, 363, 428, 557, 

Number of illegal transfers--------------------------------------------------------------
3, 

-----------------------------------------------------------------
