Selected-----------------------------------------------------------------
1, 48, 90, 104, 105, 127, 234, 397, 427, 481, 484, 520, 548, 558, 583, 

Starting-----------------------------------------------------------------
1, 104, 105, 127, 397, 481, 484, 520, 548, 558, 583, 

Captain-----------------------------------------------------------------
558, 

Vice-Captain-----------------------------------------------------------------
104, 

Substitutes-----------------------------------------------------------------
234, 90, 427, 

Remaining budget-----------------------------------------------------------------
PREVIOUS GW: 1.4e+06
THIS GW: 1e+06

Sold-----------------------------------------------------------------
44, 271, 405, 579, 

Bought-----------------------------------------------------------------
1, 104, 520, 558, 

Number of illegal transfers--------------------------------------------------------------
3, 

-----------------------------------------------------------------
