Selected-----------------------------------------------------------------
12, 48, 105, 106, 167, 211, 241, 397, 427, 428, 484, 520, 579, 583, 615, 

Starting-----------------------------------------------------------------
12, 105, 106, 167, 397, 427, 428, 484, 579, 583, 615, 

Captain-----------------------------------------------------------------
583, 

Vice-Captain-----------------------------------------------------------------
397, 

Substitutes-----------------------------------------------------------------
520, 241, 211, 

Remaining budget-----------------------------------------------------------------
PREVIOUS GW: 0
THIS GW: 3e+06

Sold-----------------------------------------------------------------
25, 124, 363, 557, 

Bought-----------------------------------------------------------------
12, 167, 427, 615, 

Number of illegal transfers--------------------------------------------------------------
3, 

-----------------------------------------------------------------
