Selected-----------------------------------------------------------------
12, 48, 75, 92, 106, 164, 210, 330, 344, 352, 455, 520, 557, 577, 592, 

Starting-----------------------------------------------------------------
48, 92, 106, 210, 330, 344, 352, 455, 520, 557, 577, 

Captain-----------------------------------------------------------------
520, 

Vice-Captain-----------------------------------------------------------------
455, 

Substitutes-----------------------------------------------------------------
592, 75, 164, 

Remaining budget-----------------------------------------------------------------
PREVIOUS GW: 100000
THIS GW: 8.3e+06

Sold-----------------------------------------------------------------
15, 241, 394, 428, 

Bought-----------------------------------------------------------------
48, 210, 352, 520, 

Number of illegal transfers--------------------------------------------------------------
3, 

-----------------------------------------------------------------
