Selected-----------------------------------------------------------------
12, 25, 75, 92, 104, 106, 241, 330, 344, 394, 412, 455, 548, 584, 610, 

Starting-----------------------------------------------------------------
12, 104, 106, 241, 330, 344, 394, 412, 455, 548, 584, 

Captain-----------------------------------------------------------------
330, 

Vice-Captain-----------------------------------------------------------------
548, 

Substitutes-----------------------------------------------------------------
75, 92, 610, 

Remaining budget-----------------------------------------------------------------
PREVIOUS GW: 3.7e+06
THIS GW: 7.2e+06

Sold-----------------------------------------------------------------
164, 308, 365, 557, 

Bought-----------------------------------------------------------------
104, 344, 394, 548, 

Number of illegal transfers--------------------------------------------------------------
3, 

-----------------------------------------------------------------
