Selected-----------------------------------------------------------------
20, 30, 128, 131, 186, 252, 259, 326, 399, 481, 484, 531, 549, 584, 606, 

Starting-----------------------------------------------------------------
20, 131, 186, 252, 326, 399, 481, 484, 531, 549, 584, 

Captain-----------------------------------------------------------------
549, 

Vice-Captain-----------------------------------------------------------------
481, 

Substitutes-----------------------------------------------------------------
606, 259, 128, 

Remaining budget-----------------------------------------------------------------
PREVIOUS GW: 6.2e+06
THIS GW: 6.3e+06

Sold-----------------------------------------------------------------
127, 222, 335, 363, 

Bought-----------------------------------------------------------------
131, 252, 484, 531, 

Number of illegal transfers--------------------------------------------------------------
3, 

-----------------------------------------------------------------
