Selected-----------------------------------------------------------------
12, 18, 92, 93, 106, 137, 271, 300, 335, 412, 416, 489, 577, 592, 606, 

Starting-----------------------------------------------------------------
18, 92, 93, 106, 271, 300, 335, 416, 489, 577, 606, 

Captain-----------------------------------------------------------------
335, 

Vice-Captain-----------------------------------------------------------------
106, 

Substitutes-----------------------------------------------------------------
137, 592, 412, 

Remaining budget-----------------------------------------------------------------
PREVIOUS GW: 0
THIS GW: 5.4e+06

Sold-----------------------------------------------------------------
104, 211, 330, 428, 

Bought-----------------------------------------------------------------
92, 106, 335, 416, 

Number of illegal transfers--------------------------------------------------------------
3, 

-----------------------------------------------------------------
