Total expected points: 533.858
Selected-----------------------------------------------------------------
15, 25, 127, 155, 176, 229, 259, 361, 406, 415, 495, 522, 557, 584, 621, 

Starting-----------------------------------------------------------------
25, 127, 176, 259, 361, 406, 415, 495, 522, 557, 584, 

Captain-----------------------------------------------------------------
495, 

Vice-Captain-----------------------------------------------------------------
557, 

Substitutes-----------------------------------------------------------------
229, 155, 621, 

Remaining budget-----------------------------------------------------------------
700000, 

-----------------------------------------------------------------
