Selected-----------------------------------------------------------------
23, 54, 75, 92, 164, 176, 241, 394, 428, 455, 489, 512, 557, 584, 621, 

Starting-----------------------------------------------------------------
54, 75, 176, 241, 394, 428, 455, 489, 512, 557, 584, 

Captain-----------------------------------------------------------------
584, 

Vice-Captain-----------------------------------------------------------------
455, 

Substitutes-----------------------------------------------------------------
164, 92, 621, 

Remaining budget-----------------------------------------------------------------
PREVIOUS GW: 1.4e+06
THIS GW: 900000

Sold-----------------------------------------------------------------
12, 89, 155, 365, 522, 

Bought-----------------------------------------------------------------
54, 176, 241, 489, 512, 

Number of illegal transfers--------------------------------------------------------------
4, 

-----------------------------------------------------------------
