Selected-----------------------------------------------------------------
1, 30, 78, 106, 171, 203, 237, 338, 350, 394, 406, 484, 549, 557, 581, 

Starting-----------------------------------------------------------------
1, 78, 106, 171, 203, 350, 406, 484, 549, 557, 581, 

Captain-----------------------------------------------------------------
1, 

Vice-Captain-----------------------------------------------------------------
106, 

Substitutes-----------------------------------------------------------------
237, 394, 338, 

Remaining budget-----------------------------------------------------------------
PREVIOUS GW: 9.4e+06
THIS GW: 2.6e+06

Sold-----------------------------------------------------------------
12, 131, 154, 489, 

Bought-----------------------------------------------------------------
1, 78, 106, 406, 

Number of illegal transfers--------------------------------------------------------------
3, 

-----------------------------------------------------------------
