Selected-----------------------------------------------------------------
28, 50, 78, 96, 103, 105, 180, 282, 386, 400, 409, 414, 545, 599, 606, 

Starting-----------------------------------------------------------------
28, 96, 103, 105, 282, 386, 400, 409, 414, 545, 606, 

Captain-----------------------------------------------------------------
545, 

Vice-Captain-----------------------------------------------------------------
105, 

Substitutes-----------------------------------------------------------------
180, 599, 78, 

Remaining budget-----------------------------------------------------------------
PREVIOUS GW: 2.1e+06
THIS GW: 600000

Sold-----------------------------------------------------------------
37, 186, 236, 286, 415, 601, 

Bought-----------------------------------------------------------------
28, 96, 105, 282, 400, 545, 

Number of illegal transfers--------------------------------------------------------------
5, 

-----------------------------------------------------------------
