Selected-----------------------------------------------------------------
9, 48, 128, 131, 153, 222, 252, 330, 350, 352, 481, 484, 549, 581, 584, 

Starting-----------------------------------------------------------------
9, 131, 153, 252, 330, 350, 352, 481, 549, 581, 584, 

Captain-----------------------------------------------------------------
581, 

Vice-Captain-----------------------------------------------------------------
584, 

Substitutes-----------------------------------------------------------------
484, 222, 128, 

Remaining budget-----------------------------------------------------------------
PREVIOUS GW: 7e+06
THIS GW: 3.1e+06

Sold-----------------------------------------------------------------
259, 363, 394, 531, 577, 

Bought-----------------------------------------------------------------
153, 330, 350, 352, 581, 

Number of illegal transfers--------------------------------------------------------------
4, 

-----------------------------------------------------------------
