Selected-----------------------------------------------------------------
9, 30, 131, 154, 171, 203, 237, 307, 338, 350, 481, 484, 549, 561, 581, 

Starting-----------------------------------------------------------------
30, 131, 154, 171, 237, 307, 481, 484, 549, 561, 581, 

Captain-----------------------------------------------------------------
484, 

Vice-Captain-----------------------------------------------------------------
171, 

Substitutes-----------------------------------------------------------------
338, 350, 203, 

Remaining budget-----------------------------------------------------------------
PREVIOUS GW: 8.6e+06
THIS GW: 1.47e+07

Sold-----------------------------------------------------------------
205, 259, 489, 557, 

Bought-----------------------------------------------------------------
154, 237, 307, 549, 

Number of illegal transfers--------------------------------------------------------------
3, 

-----------------------------------------------------------------
