Selected-----------------------------------------------------------------
37, 50, 78, 103, 174, 180, 236, 282, 309, 386, 409, 414, 599, 601, 606, 

Starting-----------------------------------------------------------------
37, 174, 180, 236, 282, 386, 409, 414, 599, 601, 606, 

Captain-----------------------------------------------------------------
414, 

Vice-Captain-----------------------------------------------------------------
386, 

Substitutes-----------------------------------------------------------------
309, 78, 103, 

Remaining budget-----------------------------------------------------------------
PREVIOUS GW: 3.7e+06
THIS GW: 5.1e+06

Sold-----------------------------------------------------------------
68, 406, 419, 505, 

Bought-----------------------------------------------------------------
180, 282, 386, 409, 

Number of illegal transfers--------------------------------------------------------------
3, 

-----------------------------------------------------------------
