Selected-----------------------------------------------------------------
12, 48, 75, 106, 164, 241, 267, 308, 365, 428, 455, 512, 557, 577, 584, 

Starting-----------------------------------------------------------------
12, 75, 106, 164, 308, 365, 428, 455, 557, 577, 584, 

Captain-----------------------------------------------------------------
428, 

Vice-Captain-----------------------------------------------------------------
308, 

Substitutes-----------------------------------------------------------------
512, 241, 267, 

Remaining budget-----------------------------------------------------------------
PREVIOUS GW: 3.9e+06
THIS GW: 100000

Sold-----------------------------------------------------------------
44, 176, 489, 495, 

Bought-----------------------------------------------------------------
12, 106, 308, 428, 

Number of illegal transfers--------------------------------------------------------------
3, 

-----------------------------------------------------------------
