Selected-----------------------------------------------------------------
23, 48, 92, 104, 158, 163, 211, 352, 428, 484, 519, 520, 557, 561, 606, 

Starting-----------------------------------------------------------------
48, 92, 104, 211, 352, 428, 484, 520, 557, 561, 606, 

Captain-----------------------------------------------------------------
484, 

Vice-Captain-----------------------------------------------------------------
352, 

Substitutes-----------------------------------------------------------------
519, 158, 163, 

Remaining budget-----------------------------------------------------------------
PREVIOUS GW: 500000
THIS GW: 4.9e+06

Sold-----------------------------------------------------------------
12, 75, 330, 548, 

Bought-----------------------------------------------------------------
48, 211, 484, 561, 

Number of illegal transfers--------------------------------------------------------------
3, 

-----------------------------------------------------------------
