Selected-----------------------------------------------------------------
12, 25, 75, 104, 106, 213, 241, 330, 363, 394, 428, 455, 548, 577, 592, 

Starting-----------------------------------------------------------------
12, 75, 104, 106, 330, 363, 394, 428, 548, 577, 592, 

Captain-----------------------------------------------------------------
330, 

Vice-Captain-----------------------------------------------------------------
577, 

Substitutes-----------------------------------------------------------------
455, 241, 213, 

Remaining budget-----------------------------------------------------------------
PREVIOUS GW: 1.5e+06
THIS GW: 200000

Sold-----------------------------------------------------------------
89, 335, 365, 584, 

Bought-----------------------------------------------------------------
104, 363, 394, 577, 

Number of illegal transfers--------------------------------------------------------------
3, 

-----------------------------------------------------------------
