Selected-----------------------------------------------------------------
12, 16, 75, 106, 164, 176, 221, 330, 365, 394, 455, 495, 548, 557, 584, 

Starting-----------------------------------------------------------------
12, 75, 106, 176, 330, 394, 455, 495, 548, 557, 584, 

Captain-----------------------------------------------------------------
584, 

Vice-Captain-----------------------------------------------------------------
455, 

Substitutes-----------------------------------------------------------------
365, 164, 221, 

Remaining budget-----------------------------------------------------------------
PREVIOUS GW: 0
THIS GW: 1.1e+06

Sold-----------------------------------------------------------------
89, 397, 428, 549, 621, 

Bought-----------------------------------------------------------------
176, 455, 495, 548, 584, 

Number of illegal transfers--------------------------------------------------------------
4, 

-----------------------------------------------------------------
