Selected-----------------------------------------------------------------
16, 24, 106, 127, 176, 234, 271, 352, 397, 428, 481, 484, 548, 583, 610, 

Starting-----------------------------------------------------------------
24, 127, 176, 234, 271, 428, 481, 484, 548, 583, 610, 

Captain-----------------------------------------------------------------
481, 

Vice-Captain-----------------------------------------------------------------
583, 

Substitutes-----------------------------------------------------------------
106, 397, 352, 

Remaining budget-----------------------------------------------------------------
PREVIOUS GW: 1.7e+06
THIS GW: 1.3e+06

Sold-----------------------------------------------------------------
48, 105, 579, 607, 

Bought-----------------------------------------------------------------
24, 127, 548, 610, 

Number of illegal transfers--------------------------------------------------------------
3, 

-----------------------------------------------------------------
