Selected-----------------------------------------------------------------
48, 66, 105, 106, 127, 234, 271, 397, 427, 481, 484, 536, 548, 583, 610, 

Starting-----------------------------------------------------------------
66, 127, 234, 271, 427, 481, 484, 536, 548, 583, 610, 

Captain-----------------------------------------------------------------
481, 

Vice-Captain-----------------------------------------------------------------
127, 

Substitutes-----------------------------------------------------------------
397, 106, 105, 

Remaining budget-----------------------------------------------------------------
PREVIOUS GW: 2.9e+06
THIS GW: 4e+06

Sold-----------------------------------------------------------------
211, 415, 510, 579, 606, 

Bought-----------------------------------------------------------------
127, 484, 536, 548, 610, 

Number of illegal transfers--------------------------------------------------------------
4, 

-----------------------------------------------------------------
