Selected-----------------------------------------------------------------
24, 54, 104, 128, 176, 186, 259, 279, 330, 363, 399, 519, 549, 584, 606, 

Starting-----------------------------------------------------------------
54, 128, 176, 259, 330, 363, 399, 519, 549, 584, 606, 

Captain-----------------------------------------------------------------
259, 

Vice-Captain-----------------------------------------------------------------
606, 

Substitutes-----------------------------------------------------------------
279, 186, 104, 

Remaining budget-----------------------------------------------------------------
PREVIOUS GW: 6.1e+06
THIS GW: 900000

Sold-----------------------------------------------------------------
30, 106, 406, 598, 

Bought-----------------------------------------------------------------
54, 259, 399, 606, 

Number of illegal transfers--------------------------------------------------------------
3, 

-----------------------------------------------------------------
