Selected-----------------------------------------------------------------
37, 48, 92, 104, 105, 106, 127, 300, 427, 481, 484, 536, 548, 558, 598, 

Starting-----------------------------------------------------------------
48, 92, 104, 127, 300, 481, 484, 536, 548, 558, 598, 

Captain-----------------------------------------------------------------
558, 

Vice-Captain-----------------------------------------------------------------
300, 

Substitutes-----------------------------------------------------------------
106, 427, 105, 

Remaining budget-----------------------------------------------------------------
PREVIOUS GW: 3.1e+06
THIS GW: 9.6e+06

Sold-----------------------------------------------------------------
89, 415, 583, 610, 

Bought-----------------------------------------------------------------
92, 300, 558, 598, 

Number of illegal transfers--------------------------------------------------------------
3, 

-----------------------------------------------------------------
