Selected-----------------------------------------------------------------
30, 48, 125, 128, 164, 170, 222, 386, 399, 402, 451, 481, 549, 576, 584, 

Starting-----------------------------------------------------------------
48, 164, 170, 222, 386, 399, 402, 481, 549, 576, 584, 

Captain-----------------------------------------------------------------
549, 

Vice-Captain-----------------------------------------------------------------
584, 

Substitutes-----------------------------------------------------------------
451, 128, 125, 

Remaining budget-----------------------------------------------------------------
PREVIOUS GW: 6e+06
THIS GW: 4e+06

Sold-----------------------------------------------------------------
259, 335, 466, 606, 

Bought-----------------------------------------------------------------
164, 386, 402, 576, 

Number of illegal transfers--------------------------------------------------------------
3, 

-----------------------------------------------------------------
