Selected-----------------------------------------------------------------
15, 24, 92, 104, 127, 128, 176, 300, 428, 481, 484, 520, 548, 558, 606, 

Starting-----------------------------------------------------------------
24, 104, 127, 128, 176, 428, 481, 484, 520, 548, 606, 

Captain-----------------------------------------------------------------
128, 

Vice-Captain-----------------------------------------------------------------
481, 

Substitutes-----------------------------------------------------------------
300, 558, 92, 

Remaining budget-----------------------------------------------------------------
PREVIOUS GW: 700000
THIS GW: 1.4e+06

Sold-----------------------------------------------------------------
18, 234, 271, 583, 

Bought-----------------------------------------------------------------
24, 128, 176, 606, 

Number of illegal transfers--------------------------------------------------------------
3, 

-----------------------------------------------------------------
