Selected-----------------------------------------------------------------
24, 48, 92, 104, 127, 128, 176, 300, 406, 481, 484, 520, 558, 606, 610, 

Starting-----------------------------------------------------------------
24, 104, 127, 128, 176, 406, 481, 484, 520, 606, 610, 

Captain-----------------------------------------------------------------
481, 

Vice-Captain-----------------------------------------------------------------
606, 

Substitutes-----------------------------------------------------------------
300, 558, 92, 

Remaining budget-----------------------------------------------------------------
PREVIOUS GW: 3.9e+06
THIS GW: 3e+06

Sold-----------------------------------------------------------------
1, 90, 234, 428, 522, 583, 

Bought-----------------------------------------------------------------
24, 128, 176, 406, 484, 606, 

Number of illegal transfers--------------------------------------------------------------
5, 

-----------------------------------------------------------------
