Selected-----------------------------------------------------------------
15, 58, 75, 106, 241, 249, 259, 330, 365, 394, 399, 455, 557, 577, 592, 

Starting-----------------------------------------------------------------
58, 75, 106, 249, 259, 330, 394, 399, 557, 577, 592, 

Captain-----------------------------------------------------------------
330, 

Vice-Captain-----------------------------------------------------------------
106, 

Substitutes-----------------------------------------------------------------
241, 455, 365, 

Remaining budget-----------------------------------------------------------------
PREVIOUS GW: 3.5e+06
THIS GW: 1.2e+06

Sold-----------------------------------------------------------------
164, 308, 512, 584, 

Bought-----------------------------------------------------------------
249, 394, 399, 577, 

Number of illegal transfers--------------------------------------------------------------
3, 

-----------------------------------------------------------------
