Selected-----------------------------------------------------------------
18, 58, 131, 177, 205, 252, 259, 352, 394, 481, 484, 489, 549, 576, 584, 

Starting-----------------------------------------------------------------
58, 131, 177, 205, 352, 394, 481, 484, 489, 549, 576, 

Captain-----------------------------------------------------------------
489, 

Vice-Captain-----------------------------------------------------------------
394, 

Substitutes-----------------------------------------------------------------
584, 252, 259, 

Remaining budget-----------------------------------------------------------------
PREVIOUS GW: 5.5e+06
THIS GW: 8.5e+06

Sold-----------------------------------------------------------------
24, 121, 330, 386, 

Bought-----------------------------------------------------------------
58, 177, 394, 489, 

Number of illegal transfers--------------------------------------------------------------
3, 

-----------------------------------------------------------------
