Selected-----------------------------------------------------------------
12, 30, 106, 108, 128, 176, 186, 279, 330, 363, 406, 519, 549, 584, 598, 

Starting-----------------------------------------------------------------
30, 108, 128, 176, 186, 279, 330, 363, 519, 549, 584, 

Captain-----------------------------------------------------------------
584, 

Vice-Captain-----------------------------------------------------------------
186, 

Substitutes-----------------------------------------------------------------
406, 598, 106, 

Remaining budget-----------------------------------------------------------------
PREVIOUS GW: 1.21e+07
THIS GW: 6.5e+06

Sold-----------------------------------------------------------------
24, 300, 522, 619, 

Bought-----------------------------------------------------------------
30, 330, 519, 584, 

Number of illegal transfers--------------------------------------------------------------
3, 

-----------------------------------------------------------------
