Selected-----------------------------------------------------------------
12, 48, 104, 105, 170, 234, 271, 352, 397, 481, 484, 520, 557, 579, 583, 

Starting-----------------------------------------------------------------
48, 105, 170, 234, 271, 352, 397, 481, 484, 520, 583, 

Captain-----------------------------------------------------------------
481, 

Vice-Captain-----------------------------------------------------------------
484, 

Substitutes-----------------------------------------------------------------
579, 104, 557, 

Remaining budget-----------------------------------------------------------------
PREVIOUS GW: 1.3e+06
THIS GW: 2.5e+06

Sold-----------------------------------------------------------------
90, 167, 259, 428, 

Bought-----------------------------------------------------------------
170, 234, 271, 481, 

Number of illegal transfers--------------------------------------------------------------
3, 

-----------------------------------------------------------------
