Selected-----------------------------------------------------------------
23, 48, 90, 104, 124, 211, 259, 352, 363, 428, 484, 520, 557, 561, 606, 

Starting-----------------------------------------------------------------
48, 124, 211, 259, 352, 428, 484, 520, 557, 561, 606, 

Captain-----------------------------------------------------------------
484, 

Vice-Captain-----------------------------------------------------------------
352, 

Substitutes-----------------------------------------------------------------
363, 104, 90, 

Remaining budget-----------------------------------------------------------------
PREVIOUS GW: 400000
THIS GW: 4e+06

Sold-----------------------------------------------------------------
44, 158, 163, 330, 519, 548, 

Bought-----------------------------------------------------------------
48, 124, 211, 352, 484, 561, 

Number of illegal transfers--------------------------------------------------------------
5, 

-----------------------------------------------------------------
