Selected-----------------------------------------------------------------
9, 12, 79, 131, 153, 186, 252, 281, 352, 394, 481, 484, 547, 549, 584, 

Starting-----------------------------------------------------------------
9, 79, 131, 252, 281, 352, 481, 484, 547, 549, 584, 

Captain-----------------------------------------------------------------
252, 

Vice-Captain-----------------------------------------------------------------
481, 

Substitutes-----------------------------------------------------------------
394, 153, 186, 

Remaining budget-----------------------------------------------------------------
PREVIOUS GW: 5.2e+06
THIS GW: 9.1e+06

Sold-----------------------------------------------------------------
152, 164, 363, 402, 606, 

Bought-----------------------------------------------------------------
79, 131, 281, 484, 547, 

Number of illegal transfers--------------------------------------------------------------
4, 

-----------------------------------------------------------------
