Selected-----------------------------------------------------------------
12, 23, 104, 105, 106, 234, 271, 397, 415, 427, 481, 520, 583, 606, 615, 

Starting-----------------------------------------------------------------
23, 106, 234, 271, 397, 415, 427, 481, 520, 583, 606, 

Captain-----------------------------------------------------------------
481, 

Vice-Captain-----------------------------------------------------------------
415, 

Substitutes-----------------------------------------------------------------
615, 105, 104, 

Remaining budget-----------------------------------------------------------------
PREVIOUS GW: 1.9e+06
THIS GW: 0

Sold-----------------------------------------------------------------
211, 267, 428, 484, 510, 579, 

Bought-----------------------------------------------------------------
234, 271, 415, 481, 520, 606, 

Number of illegal transfers--------------------------------------------------------------
5, 

-----------------------------------------------------------------
