Selected-----------------------------------------------------------------
23, 44, 92, 104, 106, 124, 211, 352, 363, 428, 484, 520, 557, 561, 606, 

Starting-----------------------------------------------------------------
44, 104, 124, 211, 352, 428, 484, 520, 557, 561, 606, 

Captain-----------------------------------------------------------------
484, 

Vice-Captain-----------------------------------------------------------------
352, 

Substitutes-----------------------------------------------------------------
363, 92, 106, 

Remaining budget-----------------------------------------------------------------
PREVIOUS GW: 3.4e+06
THIS GW: 1.5e+06

Sold-----------------------------------------------------------------
158, 163, 519, 548, 

Bought-----------------------------------------------------------------
124, 211, 484, 561, 

Number of illegal transfers--------------------------------------------------------------
3, 

-----------------------------------------------------------------
