Selected-----------------------------------------------------------------
9, 24, 131, 182, 222, 252, 259, 402, 481, 484, 489, 531, 549, 577, 584, 

Starting-----------------------------------------------------------------
9, 131, 182, 252, 402, 481, 484, 489, 549, 577, 584, 

Captain-----------------------------------------------------------------
549, 

Vice-Captain-----------------------------------------------------------------
481, 

Substitutes-----------------------------------------------------------------
531, 222, 259, 

Remaining budget-----------------------------------------------------------------
PREVIOUS GW: 1.6e+06
THIS GW: 9.5e+06

Sold-----------------------------------------------------------------
48, 128, 330, 581, 

Bought-----------------------------------------------------------------
9, 182, 489, 577, 

Number of illegal transfers--------------------------------------------------------------
3, 

-----------------------------------------------------------------
