Selected-----------------------------------------------------------------
35, 48, 90, 104, 105, 212, 241, 352, 397, 399, 428, 520, 557, 579, 583, 

Starting-----------------------------------------------------------------
48, 90, 104, 105, 352, 397, 399, 428, 557, 579, 583, 

Captain-----------------------------------------------------------------
428, 

Vice-Captain-----------------------------------------------------------------
583, 

Substitutes-----------------------------------------------------------------
241, 520, 212, 

Remaining budget-----------------------------------------------------------------
PREVIOUS GW: 3.5e+06
THIS GW: 1.1e+06

Sold-----------------------------------------------------------------
267, 484, 548, 561, 

Bought-----------------------------------------------------------------
105, 397, 579, 583, 

Number of illegal transfers--------------------------------------------------------------
3, 

-----------------------------------------------------------------
