Selected-----------------------------------------------------------------
44, 48, 90, 104, 105, 106, 211, 352, 397, 399, 428, 484, 561, 579, 583, 

Starting-----------------------------------------------------------------
44, 104, 105, 106, 352, 397, 399, 428, 484, 579, 583, 

Captain-----------------------------------------------------------------
105, 

Vice-Captain-----------------------------------------------------------------
397, 

Substitutes-----------------------------------------------------------------
90, 561, 211, 

Remaining budget-----------------------------------------------------------------
PREVIOUS GW: 4.5e+06
THIS GW: 400000

Sold-----------------------------------------------------------------
124, 176, 510, 520, 557, 606, 

Bought-----------------------------------------------------------------
105, 106, 397, 399, 579, 583, 

Number of illegal transfers--------------------------------------------------------------
5, 

-----------------------------------------------------------------
