Selected-----------------------------------------------------------------
44, 52, 75, 106, 211, 259, 261, 352, 363, 428, 484, 520, 548, 557, 561, 

Starting-----------------------------------------------------------------
44, 211, 259, 261, 352, 363, 428, 484, 520, 557, 561, 

Captain-----------------------------------------------------------------
484, 

Vice-Captain-----------------------------------------------------------------
352, 

Substitutes-----------------------------------------------------------------
548, 106, 75, 

Remaining budget-----------------------------------------------------------------
PREVIOUS GW: 600000
THIS GW: 5e+06

Sold-----------------------------------------------------------------
89, 330, 394, 592, 

Bought-----------------------------------------------------------------
211, 352, 484, 561, 

Number of illegal transfers--------------------------------------------------------------
3, 

-----------------------------------------------------------------
