Selected-----------------------------------------------------------------
26, 44, 104, 177, 187, 232, 245, 282, 329, 402, 484, 500, 559, 584, 621, 

Starting-----------------------------------------------------------------
44, 104, 177, 187, 232, 245, 329, 484, 500, 559, 584, 

Captain-----------------------------------------------------------------
245, 

Vice-Captain-----------------------------------------------------------------
104, 

Substitutes-----------------------------------------------------------------
402, 282, 621, 

Remaining budget-----------------------------------------------------------------
PREVIOUS GW: 1.7e+06
THIS GW: 1.1e+06

Sold-----------------------------------------------------------------
154, 223, 427, 553, 

Bought-----------------------------------------------------------------
187, 245, 500, 559, 

Number of illegal transfers--------------------------------------------------------------
3, 

-----------------------------------------------------------------
