Selected-----------------------------------------------------------------
25, 52, 75, 89, 92, 164, 176, 365, 394, 428, 455, 522, 557, 584, 621, 

Starting-----------------------------------------------------------------
25, 75, 164, 176, 365, 394, 428, 455, 522, 557, 584, 

Captain-----------------------------------------------------------------
584, 

Vice-Captain-----------------------------------------------------------------
455, 

Substitutes-----------------------------------------------------------------
92, 89, 621, 

Remaining budget-----------------------------------------------------------------
PREVIOUS GW: 2e+06
THIS GW: 200000

Sold-----------------------------------------------------------------
12, 155, 397, 551, 

Bought-----------------------------------------------------------------
25, 176, 455, 584, 

Number of illegal transfers--------------------------------------------------------------
3, 

-----------------------------------------------------------------
