Selected-----------------------------------------------------------------
18, 48, 104, 106, 127, 136, 158, 352, 428, 481, 484, 520, 552, 583, 606, 

Starting-----------------------------------------------------------------
48, 106, 127, 158, 352, 428, 481, 484, 520, 583, 606, 

Captain-----------------------------------------------------------------
484, 

Vice-Captain-----------------------------------------------------------------
481, 

Substitutes-----------------------------------------------------------------
104, 552, 136, 

Remaining budget-----------------------------------------------------------------
PREVIOUS GW: 2.9e+06
THIS GW: 100000

Sold-----------------------------------------------------------------
167, 363, 397, 399, 607, 

Bought-----------------------------------------------------------------
127, 352, 481, 484, 606, 

Number of illegal transfers--------------------------------------------------------------
4, 

-----------------------------------------------------------------
