Selected-----------------------------------------------------------------
48, 63, 90, 104, 105, 210, 212, 397, 399, 428, 484, 510, 557, 579, 583, 

Starting-----------------------------------------------------------------
48, 90, 104, 105, 397, 399, 428, 484, 557, 579, 583, 

Captain-----------------------------------------------------------------
428, 

Vice-Captain-----------------------------------------------------------------
583, 

Substitutes-----------------------------------------------------------------
510, 210, 212, 

Remaining budget-----------------------------------------------------------------
PREVIOUS GW: 8.5e+06
THIS GW: 200000

Sold-----------------------------------------------------------------
32, 267, 352, 520, 548, 561, 

Bought-----------------------------------------------------------------
63, 105, 397, 399, 579, 583, 

Number of illegal transfers--------------------------------------------------------------
5, 

-----------------------------------------------------------------
