Selected-----------------------------------------------------------------
24, 48, 104, 127, 128, 186, 210, 363, 428, 481, 484, 536, 548, 583, 598, 

Starting-----------------------------------------------------------------
48, 104, 128, 186, 363, 428, 481, 536, 548, 583, 598, 

Captain-----------------------------------------------------------------
548, 

Vice-Captain-----------------------------------------------------------------
598, 

Substitutes-----------------------------------------------------------------
127, 210, 484, 

Remaining budget-----------------------------------------------------------------
PREVIOUS GW: 2e+06
THIS GW: 1.5e+06

Sold-----------------------------------------------------------------
75, 415, 520, 606, 607, 

Bought-----------------------------------------------------------------
186, 363, 428, 548, 598, 

Number of illegal transfers--------------------------------------------------------------
4, 

-----------------------------------------------------------------
