Selected-----------------------------------------------------------------
9, 24, 121, 131, 177, 205, 252, 330, 394, 481, 484, 489, 549, 577, 584, 

Starting-----------------------------------------------------------------
9, 131, 177, 252, 394, 481, 484, 489, 549, 577, 584, 

Captain-----------------------------------------------------------------
489, 

Vice-Captain-----------------------------------------------------------------
481, 

Substitutes-----------------------------------------------------------------
330, 121, 205, 

Remaining budget-----------------------------------------------------------------
PREVIOUS GW: 4.1e+06
THIS GW: 6.9e+06

Sold-----------------------------------------------------------------
259, 402, 531, 581, 

Bought-----------------------------------------------------------------
177, 394, 489, 577, 

Number of illegal transfers--------------------------------------------------------------
3, 

-----------------------------------------------------------------
