Selected-----------------------------------------------------------------
23, 25, 75, 92, 155, 164, 221, 365, 394, 428, 455, 495, 551, 557, 584, 

Starting-----------------------------------------------------------------
25, 75, 92, 164, 365, 394, 428, 455, 495, 557, 584, 

Captain-----------------------------------------------------------------
584, 

Vice-Captain-----------------------------------------------------------------
455, 

Substitutes-----------------------------------------------------------------
551, 155, 221, 

Remaining budget-----------------------------------------------------------------
PREVIOUS GW: 2.5e+06
THIS GW: 2.3e+06

Sold-----------------------------------------------------------------
12, 397, 522, 621, 

Bought-----------------------------------------------------------------
25, 455, 495, 584, 

Number of illegal transfers--------------------------------------------------------------
3, 

-----------------------------------------------------------------
