Total expected points: 501.896
Selected-----------------------------------------------------------------
12, 37, 75, 89, 176, 186, 221, 274, 365, 394, 495, 522, 548, 583, 584, 

Starting-----------------------------------------------------------------
12, 75, 89, 176, 274, 365, 394, 495, 522, 548, 583, 

Captain-----------------------------------------------------------------
522, 

Vice-Captain-----------------------------------------------------------------
365, 

Substitutes-----------------------------------------------------------------
584, 186, 221, 

Remaining budget-----------------------------------------------------------------
-8.14907e-10, 

-----------------------------------------------------------------
