Selected-----------------------------------------------------------------
12, 52, 75, 104, 106, 241, 259, 363, 394, 399, 428, 455, 548, 557, 592, 

Starting-----------------------------------------------------------------
12, 75, 104, 106, 363, 394, 399, 428, 548, 557, 592, 

Captain-----------------------------------------------------------------
428, 

Vice-Captain-----------------------------------------------------------------
557, 

Substitutes-----------------------------------------------------------------
241, 455, 259, 

Remaining budget-----------------------------------------------------------------
PREVIOUS GW: 3.1e+06
THIS GW: 600000

Sold-----------------------------------------------------------------
35, 178, 344, 520, 584, 

Bought-----------------------------------------------------------------
12, 104, 363, 399, 592, 

Number of illegal transfers--------------------------------------------------------------
4, 

-----------------------------------------------------------------
