Selected-----------------------------------------------------------------
23, 44, 104, 163, 259, 261, 267, 352, 363, 399, 428, 520, 548, 557, 606, 

Starting-----------------------------------------------------------------
44, 104, 163, 267, 363, 399, 428, 520, 548, 557, 606, 

Captain-----------------------------------------------------------------
428, 

Vice-Captain-----------------------------------------------------------------
557, 

Substitutes-----------------------------------------------------------------
352, 259, 261, 

Remaining budget-----------------------------------------------------------------
PREVIOUS GW: 7.5e+06
THIS GW: 500000

Sold-----------------------------------------------------------------
12, 106, 330, 455, 577, 

Bought-----------------------------------------------------------------
44, 267, 399, 428, 557, 

Number of illegal transfers--------------------------------------------------------------
4, 

-----------------------------------------------------------------
