Selected-----------------------------------------------------------------
25, 52, 75, 89, 164, 241, 259, 308, 365, 455, 489, 512, 548, 557, 584, 

Starting-----------------------------------------------------------------
25, 75, 241, 259, 308, 365, 455, 489, 512, 557, 584, 

Captain-----------------------------------------------------------------
455, 

Vice-Captain-----------------------------------------------------------------
241, 

Substitutes-----------------------------------------------------------------
164, 89, 548, 

Remaining budget-----------------------------------------------------------------
PREVIOUS GW: 200000
THIS GW: 6.6e+06

Sold-----------------------------------------------------------------
35, 198, 428, 495, 

Bought-----------------------------------------------------------------
25, 241, 455, 512, 

Number of illegal transfers--------------------------------------------------------------
3, 

-----------------------------------------------------------------
