Selected-----------------------------------------------------------------
20, 24, 121, 131, 171, 205, 259, 330, 350, 394, 484, 489, 561, 581, 584, 

Starting-----------------------------------------------------------------
20, 131, 171, 205, 330, 350, 394, 489, 561, 581, 584, 

Captain-----------------------------------------------------------------
561, 

Vice-Captain-----------------------------------------------------------------
131, 

Substitutes-----------------------------------------------------------------
484, 121, 259, 

Remaining budget-----------------------------------------------------------------
PREVIOUS GW: 1.4e+07
THIS GW: 3e+06

Sold-----------------------------------------------------------------
252, 481, 531, 547, 549, 

Bought-----------------------------------------------------------------
171, 330, 350, 561, 581, 

Number of illegal transfers--------------------------------------------------------------
4, 

-----------------------------------------------------------------
