Selected-----------------------------------------------------------------
18, 37, 75, 106, 163, 213, 241, 330, 344, 363, 394, 455, 548, 577, 584, 

Starting-----------------------------------------------------------------
18, 75, 106, 163, 330, 344, 363, 394, 548, 577, 584, 

Captain-----------------------------------------------------------------
330, 

Vice-Captain-----------------------------------------------------------------
577, 

Substitutes-----------------------------------------------------------------
455, 241, 213, 

Remaining budget-----------------------------------------------------------------
PREVIOUS GW: 7.2e+06
THIS GW: 2.2e+06

Sold-----------------------------------------------------------------
89, 365, 463, 610, 

Bought-----------------------------------------------------------------
163, 363, 394, 577, 

Number of illegal transfers--------------------------------------------------------------
3, 

-----------------------------------------------------------------
