Selected-----------------------------------------------------------------
12, 44, 92, 104, 106, 167, 210, 352, 363, 428, 484, 520, 557, 579, 607, 

Starting-----------------------------------------------------------------
44, 104, 106, 167, 352, 363, 428, 484, 557, 579, 607, 

Captain-----------------------------------------------------------------
428, 

Vice-Captain-----------------------------------------------------------------
557, 

Substitutes-----------------------------------------------------------------
520, 210, 92, 

Remaining budget-----------------------------------------------------------------
PREVIOUS GW: 2.4e+06
THIS GW: 3.8e+06

Sold-----------------------------------------------------------------
54, 75, 548, 561, 577, 

Bought-----------------------------------------------------------------
44, 167, 557, 579, 607, 

Number of illegal transfers--------------------------------------------------------------
4, 

-----------------------------------------------------------------
