Selected-----------------------------------------------------------------
9, 54, 125, 153, 164, 170, 222, 363, 386, 399, 402, 481, 549, 584, 606, 

Starting-----------------------------------------------------------------
9, 153, 164, 222, 363, 386, 399, 402, 481, 549, 584, 

Captain-----------------------------------------------------------------
549, 

Vice-Captain-----------------------------------------------------------------
584, 

Substitutes-----------------------------------------------------------------
606, 170, 125, 

Remaining budget-----------------------------------------------------------------
PREVIOUS GW: 5.9e+06
THIS GW: 400000

Sold-----------------------------------------------------------------
128, 259, 335, 451, 466, 

Bought-----------------------------------------------------------------
153, 164, 386, 399, 402, 

Number of illegal transfers--------------------------------------------------------------
4, 

-----------------------------------------------------------------
