Selected-----------------------------------------------------------------
15, 48, 92, 104, 106, 167, 241, 352, 363, 399, 428, 520, 557, 583, 592, 

Starting-----------------------------------------------------------------
48, 104, 106, 167, 352, 363, 399, 428, 520, 557, 583, 

Captain-----------------------------------------------------------------
428, 

Vice-Captain-----------------------------------------------------------------
557, 

Substitutes-----------------------------------------------------------------
592, 241, 92, 

Remaining budget-----------------------------------------------------------------
PREVIOUS GW: 900000
THIS GW: 300000

Sold-----------------------------------------------------------------
75, 164, 330, 484, 548, 

Bought-----------------------------------------------------------------
104, 167, 363, 399, 583, 

Number of illegal transfers--------------------------------------------------------------
4, 

-----------------------------------------------------------------
