Selected-----------------------------------------------------------------
15, 44, 105, 106, 176, 211, 259, 352, 397, 428, 484, 520, 557, 579, 583, 

Starting-----------------------------------------------------------------
44, 105, 106, 176, 352, 397, 428, 484, 557, 579, 583, 

Captain-----------------------------------------------------------------
105, 

Vice-Captain-----------------------------------------------------------------
397, 

Substitutes-----------------------------------------------------------------
520, 259, 211, 

Remaining budget-----------------------------------------------------------------
PREVIOUS GW: 1.4e+06
THIS GW: 600000

Sold-----------------------------------------------------------------
89, 335, 561, 606, 

Bought-----------------------------------------------------------------
105, 397, 579, 583, 

Number of illegal transfers--------------------------------------------------------------
3, 

-----------------------------------------------------------------
