Selected-----------------------------------------------------------------
9, 30, 79, 131, 205, 252, 259, 330, 352, 394, 481, 484, 549, 581, 584, 

Starting-----------------------------------------------------------------
9, 79, 131, 205, 330, 352, 394, 481, 484, 581, 584, 

Captain-----------------------------------------------------------------
330, 

Vice-Captain-----------------------------------------------------------------
131, 

Substitutes-----------------------------------------------------------------
549, 259, 252, 

Remaining budget-----------------------------------------------------------------
PREVIOUS GW: 1.18e+07
THIS GW: 4.2e+06

Sold-----------------------------------------------------------------
128, 186, 402, 547, 

Bought-----------------------------------------------------------------
131, 205, 330, 581, 

Number of illegal transfers--------------------------------------------------------------
3, 

-----------------------------------------------------------------
