Selected-----------------------------------------------------------------
25, 35, 75, 164, 176, 241, 259, 308, 365, 428, 455, 512, 557, 584, 592, 

Starting-----------------------------------------------------------------
25, 75, 164, 241, 308, 365, 428, 455, 512, 584, 592, 

Captain-----------------------------------------------------------------
455, 

Vice-Captain-----------------------------------------------------------------
592, 

Substitutes-----------------------------------------------------------------
557, 176, 259, 

Remaining budget-----------------------------------------------------------------
PREVIOUS GW: 100000
THIS GW: 1.1e+06

Sold-----------------------------------------------------------------
16, 221, 495, 577, 

Bought-----------------------------------------------------------------
25, 241, 455, 592, 

Number of illegal transfers--------------------------------------------------------------
3, 

-----------------------------------------------------------------
