Selected-----------------------------------------------------------------
37, 52, 75, 89, 198, 259, 265, 365, 415, 428, 489, 512, 548, 592, 610, 

Starting-----------------------------------------------------------------
37, 75, 89, 198, 365, 415, 428, 489, 512, 548, 592, 

Captain-----------------------------------------------------------------
428, 

Vice-Captain-----------------------------------------------------------------
512, 

Substitutes-----------------------------------------------------------------
259, 610, 265, 

Remaining budget-----------------------------------------------------------------
PREVIOUS GW: 3.7e+06
THIS GW: 4.6e+06

Sold-----------------------------------------------------------------
183, 472, 522, 583, 

Bought-----------------------------------------------------------------
198, 428, 512, 592, 

Number of illegal transfers--------------------------------------------------------------
3, 

-----------------------------------------------------------------
