Selected-----------------------------------------------------------------
30, 54, 128, 176, 186, 222, 259, 279, 330, 363, 399, 519, 584, 606, 608, 

Starting-----------------------------------------------------------------
54, 128, 176, 222, 259, 363, 399, 519, 584, 606, 608, 

Captain-----------------------------------------------------------------
259, 

Vice-Captain-----------------------------------------------------------------
606, 

Substitutes-----------------------------------------------------------------
330, 279, 186, 

Remaining budget-----------------------------------------------------------------
PREVIOUS GW: 4e+06
THIS GW: 1.4e+06

Sold-----------------------------------------------------------------
66, 106, 108, 406, 549, 

Bought-----------------------------------------------------------------
54, 222, 259, 399, 606, 

Number of illegal transfers--------------------------------------------------------------
4, 

-----------------------------------------------------------------
