Selected-----------------------------------------------------------------
12, 52, 75, 104, 106, 241, 259, 365, 394, 399, 428, 455, 548, 557, 592, 

Starting-----------------------------------------------------------------
12, 75, 104, 106, 365, 394, 399, 428, 548, 557, 592, 

Captain-----------------------------------------------------------------
428, 

Vice-Captain-----------------------------------------------------------------
557, 

Substitutes-----------------------------------------------------------------
241, 455, 259, 

Remaining budget-----------------------------------------------------------------
PREVIOUS GW: 500000
THIS GW: 300000

Sold-----------------------------------------------------------------
35, 178, 520, 584, 

Bought-----------------------------------------------------------------
12, 104, 399, 592, 

Number of illegal transfers--------------------------------------------------------------
3, 

-----------------------------------------------------------------
