Selected-----------------------------------------------------------------
37, 52, 89, 176, 183, 259, 265, 406, 415, 472, 495, 522, 557, 583, 610, 

Starting-----------------------------------------------------------------
37, 176, 183, 259, 406, 415, 472, 495, 522, 557, 583, 

Captain-----------------------------------------------------------------
415, 

Vice-Captain-----------------------------------------------------------------
495, 

Substitutes-----------------------------------------------------------------
610, 89, 265, 

Remaining budget-----------------------------------------------------------------
PREVIOUS GW: 4.2e+06
THIS GW: 0

Sold-----------------------------------------------------------------
186, 274, 365, 394, 548, 

Bought-----------------------------------------------------------------
176, 406, 415, 495, 557, 

Number of illegal transfers--------------------------------------------------------------
4, 

-----------------------------------------------------------------
