Selected-----------------------------------------------------------------
44, 52, 72, 105, 171, 177, 232, 402, 409, 427, 481, 484, 553, 584, 621, 

Starting-----------------------------------------------------------------
44, 171, 177, 232, 402, 409, 427, 481, 484, 553, 584, 

Captain-----------------------------------------------------------------
427, 

Vice-Captain-----------------------------------------------------------------
484, 

Substitutes-----------------------------------------------------------------
105, 72, 621, 

Remaining budget-----------------------------------------------------------------
PREVIOUS GW: 2.4e+06
THIS GW: 400000

Sold-----------------------------------------------------------------
185, 282, 406, 606, 

Bought-----------------------------------------------------------------
177, 427, 481, 584, 

Number of illegal transfers--------------------------------------------------------------
3, 

-----------------------------------------------------------------
