Selected-----------------------------------------------------------------
18, 48, 90, 104, 105, 167, 241, 352, 399, 428, 484, 520, 579, 583, 607, 

Starting-----------------------------------------------------------------
18, 104, 105, 167, 352, 399, 428, 484, 579, 583, 607, 

Captain-----------------------------------------------------------------
428, 

Vice-Captain-----------------------------------------------------------------
583, 

Substitutes-----------------------------------------------------------------
90, 520, 241, 

Remaining budget-----------------------------------------------------------------
PREVIOUS GW: 200000
THIS GW: 3e+06

Sold-----------------------------------------------------------------
32, 259, 267, 548, 557, 606, 

Bought-----------------------------------------------------------------
18, 105, 167, 579, 583, 607, 

Number of illegal transfers--------------------------------------------------------------
5, 

-----------------------------------------------------------------
