Selected-----------------------------------------------------------------
12, 48, 89, 105, 106, 127, 271, 397, 427, 481, 484, 536, 548, 583, 610, 

Starting-----------------------------------------------------------------
12, 106, 127, 271, 427, 481, 484, 536, 548, 583, 610, 

Captain-----------------------------------------------------------------
481, 

Vice-Captain-----------------------------------------------------------------
127, 

Substitutes-----------------------------------------------------------------
397, 105, 89, 

Remaining budget-----------------------------------------------------------------
PREVIOUS GW: 4.4e+06
THIS GW: 5.5e+06

Sold-----------------------------------------------------------------
135, 415, 561, 615, 

Bought-----------------------------------------------------------------
127, 536, 548, 610, 

Number of illegal transfers--------------------------------------------------------------
3, 

-----------------------------------------------------------------
