Selected-----------------------------------------------------------------
12, 32, 101, 104, 106, 179, 241, 363, 397, 399, 428, 520, 552, 557, 583, 

Starting-----------------------------------------------------------------
12, 104, 106, 179, 363, 397, 399, 428, 520, 557, 583, 

Captain-----------------------------------------------------------------
428, 

Vice-Captain-----------------------------------------------------------------
557, 

Substitutes-----------------------------------------------------------------
552, 241, 101, 

Remaining budget-----------------------------------------------------------------
PREVIOUS GW: 2.8e+06
THIS GW: 0

Sold-----------------------------------------------------------------
92, 210, 330, 352, 484, 548, 592, 

Bought-----------------------------------------------------------------
104, 179, 363, 397, 399, 552, 583, 

Number of illegal transfers--------------------------------------------------------------
6, 

-----------------------------------------------------------------
