Selected-----------------------------------------------------------------
25, 35, 75, 89, 105, 106, 241, 308, 330, 365, 412, 455, 584, 592, 610, 

Starting-----------------------------------------------------------------
25, 89, 105, 106, 241, 308, 330, 365, 412, 455, 584, 

Captain-----------------------------------------------------------------
330, 

Vice-Captain-----------------------------------------------------------------
106, 

Substitutes-----------------------------------------------------------------
592, 75, 610, 

Remaining budget-----------------------------------------------------------------
PREVIOUS GW: 9.1e+06
THIS GW: 7.9e+06

Sold-----------------------------------------------------------------
164, 198, 489, 512, 

Bought-----------------------------------------------------------------
105, 106, 330, 412, 

Number of illegal transfers--------------------------------------------------------------
3, 

-----------------------------------------------------------------
