Selected-----------------------------------------------------------------
12, 15, 75, 92, 106, 164, 241, 330, 344, 394, 428, 455, 557, 577, 592, 

Starting-----------------------------------------------------------------
12, 75, 106, 164, 330, 394, 428, 455, 557, 577, 592, 

Captain-----------------------------------------------------------------
330, 

Vice-Captain-----------------------------------------------------------------
394, 

Substitutes-----------------------------------------------------------------
241, 344, 92, 

Remaining budget-----------------------------------------------------------------
PREVIOUS GW: 1.1e+06
THIS GW: 100000

Sold-----------------------------------------------------------------
54, 512, 548, 584, 

Bought-----------------------------------------------------------------
12, 330, 577, 592, 

Number of illegal transfers--------------------------------------------------------------
3, 

-----------------------------------------------------------------
