Selected-----------------------------------------------------------------
18, 52, 92, 104, 106, 167, 241, 352, 397, 481, 484, 520, 577, 583, 606, 

Starting-----------------------------------------------------------------
18, 92, 104, 106, 352, 397, 481, 484, 520, 583, 606, 

Captain-----------------------------------------------------------------
520, 

Vice-Captain-----------------------------------------------------------------
484, 

Substitutes-----------------------------------------------------------------
577, 167, 241, 

Remaining budget-----------------------------------------------------------------
PREVIOUS GW: 200000
THIS GW: 0

Sold-----------------------------------------------------------------
363, 399, 428, 552, 

Bought-----------------------------------------------------------------
481, 484, 520, 606, 

Number of illegal transfers--------------------------------------------------------------
3, 

-----------------------------------------------------------------
