Selected-----------------------------------------------------------------
15, 58, 75, 104, 106, 241, 253, 330, 365, 394, 399, 455, 577, 584, 592, 

Starting-----------------------------------------------------------------
58, 75, 104, 106, 241, 330, 394, 399, 577, 584, 592, 

Captain-----------------------------------------------------------------
330, 

Vice-Captain-----------------------------------------------------------------
106, 

Substitutes-----------------------------------------------------------------
455, 365, 253, 

Remaining budget-----------------------------------------------------------------
PREVIOUS GW: 3.9e+06
THIS GW: 900000

Sold-----------------------------------------------------------------
164, 308, 512, 557, 

Bought-----------------------------------------------------------------
104, 394, 399, 577, 

Number of illegal transfers--------------------------------------------------------------
3, 

-----------------------------------------------------------------
