Selected-----------------------------------------------------------------
12, 44, 75, 104, 163, 213, 241, 330, 352, 399, 428, 520, 548, 552, 557, 

Starting-----------------------------------------------------------------
44, 75, 104, 163, 330, 352, 399, 428, 520, 548, 557, 

Captain-----------------------------------------------------------------
428, 

Vice-Captain-----------------------------------------------------------------
330, 

Substitutes-----------------------------------------------------------------
552, 241, 213, 

Remaining budget-----------------------------------------------------------------
PREVIOUS GW: 100000
THIS GW: 1.9e+06

Sold-----------------------------------------------------------------
106, 455, 581, 584, 

Bought-----------------------------------------------------------------
163, 428, 552, 557, 

Number of illegal transfers--------------------------------------------------------------
3, 

-----------------------------------------------------------------
