Selected-----------------------------------------------------------------
44, 52, 89, 128, 164, 198, 265, 365, 415, 428, 489, 512, 548, 584, 610, 

Starting-----------------------------------------------------------------
44, 128, 164, 198, 365, 415, 428, 489, 512, 548, 584, 

Captain-----------------------------------------------------------------
512, 

Vice-Captain-----------------------------------------------------------------
365, 

Substitutes-----------------------------------------------------------------
89, 610, 265, 

Remaining budget-----------------------------------------------------------------
PREVIOUS GW: 1.1e+06
THIS GW: 900000

Sold-----------------------------------------------------------------
37, 178, 259, 522, 

Bought-----------------------------------------------------------------
44, 164, 198, 512, 

Number of illegal transfers--------------------------------------------------------------
3, 

-----------------------------------------------------------------
