Selected-----------------------------------------------------------------
12, 48, 92, 104, 105, 106, 127, 300, 397, 427, 481, 484, 548, 558, 598, 

Starting-----------------------------------------------------------------
48, 92, 104, 106, 127, 300, 481, 484, 548, 558, 598, 

Captain-----------------------------------------------------------------
558, 

Vice-Captain-----------------------------------------------------------------
300, 

Substitutes-----------------------------------------------------------------
397, 427, 105, 

Remaining budget-----------------------------------------------------------------
PREVIOUS GW: 2.4e+06
THIS GW: 7.4e+06

Sold-----------------------------------------------------------------
241, 271, 415, 583, 610, 

Bought-----------------------------------------------------------------
92, 104, 300, 558, 598, 

Number of illegal transfers--------------------------------------------------------------
4, 

-----------------------------------------------------------------
