Selected-----------------------------------------------------------------
8, 23, 104, 105, 169, 174, 269, 415, 455, 481, 489, 523, 570, 603, 606, 

Starting-----------------------------------------------------------------
23, 104, 169, 174, 415, 455, 481, 489, 523, 603, 606, 

Captain-----------------------------------------------------------------
606, 

Vice-Captain-----------------------------------------------------------------
481, 

Substitutes-----------------------------------------------------------------
105, 570, 269, 

Remaining budget-----------------------------------------------------------------
PREVIOUS GW: 1.1e+06
THIS GW: 200000

Sold-----------------------------------------------------------------
107, 154, 394, 400, 421, 423, 575, 577, 

Bought-----------------------------------------------------------------
169, 174, 455, 481, 489, 523, 603, 606, 

Number of illegal transfers--------------------------------------------------------------
7, 

-----------------------------------------------------------------
