Selected-----------------------------------------------------------------
24, 48, 104, 128, 176, 186, 259, 326, 335, 363, 519, 531, 549, 584, 606, 

Starting-----------------------------------------------------------------
24, 104, 128, 186, 326, 335, 363, 531, 549, 584, 606, 

Captain-----------------------------------------------------------------
549, 

Vice-Captain-----------------------------------------------------------------
128, 

Substitutes-----------------------------------------------------------------
259, 519, 176, 

Remaining budget-----------------------------------------------------------------
PREVIOUS GW: 3.2e+06
THIS GW: 6.9e+06

Sold-----------------------------------------------------------------
127, 481, 484, 520, 548, 

Bought-----------------------------------------------------------------
104, 326, 335, 531, 549, 

Number of illegal transfers--------------------------------------------------------------
4, 

-----------------------------------------------------------------
