Selected-----------------------------------------------------------------
17, 30, 125, 128, 176, 186, 259, 300, 363, 399, 406, 481, 577, 584, 606, 

Starting-----------------------------------------------------------------
17, 125, 128, 186, 259, 300, 399, 481, 577, 584, 606, 

Captain-----------------------------------------------------------------
399, 

Vice-Captain-----------------------------------------------------------------
606, 

Substitutes-----------------------------------------------------------------
363, 176, 406, 

Remaining budget-----------------------------------------------------------------
PREVIOUS GW: 4.5e+06
THIS GW: 200000

Sold-----------------------------------------------------------------
66, 104, 279, 519, 548, 

Bought-----------------------------------------------------------------
17, 125, 399, 481, 577, 

Number of illegal transfers--------------------------------------------------------------
4, 

-----------------------------------------------------------------
