Total expected points: 320.665
Selected-----------------------------------------------------------------
12, 23, 75, 89, 106, 164, 221, 330, 365, 394, 397, 428, 549, 557, 621, 

Starting-----------------------------------------------------------------
12, 75, 89, 106, 164, 330, 365, 394, 397, 428, 557, 

Captain-----------------------------------------------------------------
394, 

Vice-Captain-----------------------------------------------------------------
557, 

Substitutes-----------------------------------------------------------------
549, 221, 621, 

Remaining budget-----------------------------------------------------------------
-2.74667e-10, 

-----------------------------------------------------------------
