Selected-----------------------------------------------------------------
37, 44, 104, 106, 127, 210, 234, 352, 427, 481, 484, 536, 583, 584, 607, 

Starting-----------------------------------------------------------------
37, 106, 127, 234, 427, 481, 484, 536, 583, 584, 607, 

Captain-----------------------------------------------------------------
481, 

Vice-Captain-----------------------------------------------------------------
583, 

Substitutes-----------------------------------------------------------------
352, 104, 210, 

Remaining budget-----------------------------------------------------------------
PREVIOUS GW: 2.7e+06
THIS GW: 1.7e+06

Sold-----------------------------------------------------------------
48, 428, 520, 579, 

Bought-----------------------------------------------------------------
37, 427, 536, 584, 

Number of illegal transfers--------------------------------------------------------------
3, 

-----------------------------------------------------------------
