Selected-----------------------------------------------------------------
12, 30, 75, 92, 164, 237, 241, 308, 365, 394, 428, 455, 553, 557, 577, 

Starting-----------------------------------------------------------------
12, 75, 92, 164, 308, 365, 394, 428, 455, 557, 577, 

Captain-----------------------------------------------------------------
394, 

Vice-Captain-----------------------------------------------------------------
428, 

Substitutes-----------------------------------------------------------------
553, 241, 237, 

Remaining budget-----------------------------------------------------------------
PREVIOUS GW: 4.2e+06
THIS GW: 2.6e+06

Sold-----------------------------------------------------------------
54, 489, 495, 512, 584, 

Bought-----------------------------------------------------------------
12, 308, 394, 428, 553, 

Number of illegal transfers--------------------------------------------------------------
4, 

-----------------------------------------------------------------
