Selected-----------------------------------------------------------------
12, 48, 90, 104, 106, 167, 249, 352, 363, 399, 428, 520, 557, 579, 583, 

Starting-----------------------------------------------------------------
48, 104, 106, 167, 363, 399, 428, 520, 557, 579, 583, 

Captain-----------------------------------------------------------------
428, 

Vice-Captain-----------------------------------------------------------------
583, 

Substitutes-----------------------------------------------------------------
352, 90, 249, 

Remaining budget-----------------------------------------------------------------
PREVIOUS GW: 1.4e+06
THIS GW: 400000

Sold-----------------------------------------------------------------
93, 259, 484, 548, 606, 

Bought-----------------------------------------------------------------
104, 167, 363, 579, 583, 

Number of illegal transfers--------------------------------------------------------------
4, 

-----------------------------------------------------------------
