Selected-----------------------------------------------------------------
35, 48, 131, 171, 186, 205, 252, 338, 350, 394, 484, 489, 547, 549, 584, 

Starting-----------------------------------------------------------------
35, 131, 171, 205, 338, 350, 394, 484, 489, 549, 584, 

Captain-----------------------------------------------------------------
131, 

Vice-Captain-----------------------------------------------------------------
350, 

Substitutes-----------------------------------------------------------------
547, 186, 252, 

Remaining budget-----------------------------------------------------------------
PREVIOUS GW: 9.8e+06
THIS GW: 1.58e+07

Sold-----------------------------------------------------------------
24, 259, 281, 481, 

Bought-----------------------------------------------------------------
35, 171, 338, 350, 

Number of illegal transfers--------------------------------------------------------------
3, 

-----------------------------------------------------------------
