Selected-----------------------------------------------------------------
12, 66, 104, 105, 106, 234, 271, 352, 397, 415, 481, 510, 561, 583, 606, 

Starting-----------------------------------------------------------------
66, 104, 105, 106, 234, 271, 397, 415, 481, 583, 606, 

Captain-----------------------------------------------------------------
481, 

Vice-Captain-----------------------------------------------------------------
415, 

Substitutes-----------------------------------------------------------------
352, 510, 561, 

Remaining budget-----------------------------------------------------------------
PREVIOUS GW: 400000
THIS GW: 2.3e+06

Sold-----------------------------------------------------------------
54, 167, 176, 428, 484, 579, 

Bought-----------------------------------------------------------------
66, 234, 271, 415, 481, 606, 

Number of illegal transfers--------------------------------------------------------------
5, 

-----------------------------------------------------------------
