Selected-----------------------------------------------------------------
24, 48, 92, 104, 106, 127, 128, 277, 363, 428, 481, 520, 548, 583, 610, 

Starting-----------------------------------------------------------------
24, 104, 127, 128, 277, 363, 428, 481, 548, 583, 610, 

Captain-----------------------------------------------------------------
583, 

Vice-Captain-----------------------------------------------------------------
548, 

Substitutes-----------------------------------------------------------------
106, 92, 520, 

Remaining budget-----------------------------------------------------------------
PREVIOUS GW: 4.2e+06
THIS GW: 1.6e+06

Sold-----------------------------------------------------------------
397, 415, 484, 606, 

Bought-----------------------------------------------------------------
277, 363, 428, 583, 

Number of illegal transfers--------------------------------------------------------------
3, 

-----------------------------------------------------------------
