Selected-----------------------------------------------------------------
12, 48, 92, 105, 106, 127, 164, 300, 481, 484, 520, 536, 548, 558, 583, 

Starting-----------------------------------------------------------------
48, 92, 127, 164, 300, 481, 484, 520, 536, 548, 558, 

Captain-----------------------------------------------------------------
558, 

Vice-Captain-----------------------------------------------------------------
300, 

Substitutes-----------------------------------------------------------------
583, 106, 105, 

Remaining budget-----------------------------------------------------------------
PREVIOUS GW: 4.6e+06
THIS GW: 6.6e+06

Sold-----------------------------------------------------------------
271, 397, 415, 610, 

Bought-----------------------------------------------------------------
92, 300, 520, 558, 

Number of illegal transfers--------------------------------------------------------------
3, 

-----------------------------------------------------------------
