Selected-----------------------------------------------------------------
1, 26, 78, 177, 187, 192, 245, 282, 286, 329, 458, 530, 559, 581, 584, 

Starting-----------------------------------------------------------------
1, 78, 177, 192, 282, 286, 458, 530, 559, 581, 584, 

Captain-----------------------------------------------------------------
584, 

Vice-Captain-----------------------------------------------------------------
78, 

Substitutes-----------------------------------------------------------------
245, 187, 329, 

Remaining budget-----------------------------------------------------------------
PREVIOUS GW: 100000
THIS GW: 1.1e+06

Sold-----------------------------------------------------------------
50, 223, 232, 405, 582, 

Bought-----------------------------------------------------------------
1, 78, 192, 530, 584, 

Number of illegal transfers--------------------------------------------------------------
4, 

-----------------------------------------------------------------
