Selected-----------------------------------------------------------------
12, 48, 105, 106, 167, 211, 271, 352, 397, 415, 481, 484, 579, 583, 606, 

Starting-----------------------------------------------------------------
12, 105, 106, 271, 352, 397, 415, 481, 484, 583, 606, 

Captain-----------------------------------------------------------------
481, 

Vice-Captain-----------------------------------------------------------------
415, 

Substitutes-----------------------------------------------------------------
579, 167, 211, 

Remaining budget-----------------------------------------------------------------
PREVIOUS GW: 2.6e+06
THIS GW: 2e+06

Sold-----------------------------------------------------------------
89, 363, 428, 561, 

Bought-----------------------------------------------------------------
271, 415, 481, 606, 

Number of illegal transfers--------------------------------------------------------------
3, 

-----------------------------------------------------------------
