Selected-----------------------------------------------------------------
12, 48, 125, 128, 176, 186, 259, 300, 399, 428, 451, 481, 584, 598, 606, 

Starting-----------------------------------------------------------------
48, 125, 128, 186, 300, 399, 428, 451, 481, 584, 606, 

Captain-----------------------------------------------------------------
399, 

Vice-Captain-----------------------------------------------------------------
606, 

Substitutes-----------------------------------------------------------------
259, 176, 598, 

Remaining budget-----------------------------------------------------------------
PREVIOUS GW: 4.2e+06
THIS GW: 1.4e+06

Sold-----------------------------------------------------------------
104, 279, 363, 519, 

Bought-----------------------------------------------------------------
125, 399, 451, 481, 

Number of illegal transfers--------------------------------------------------------------
3, 

-----------------------------------------------------------------
