Selected-----------------------------------------------------------------
30, 48, 125, 128, 186, 222, 259, 300, 399, 415, 428, 481, 549, 584, 606, 

Starting-----------------------------------------------------------------
30, 125, 128, 186, 399, 415, 428, 481, 549, 584, 606, 

Captain-----------------------------------------------------------------
606, 

Vice-Captain-----------------------------------------------------------------
399, 

Substitutes-----------------------------------------------------------------
300, 259, 222, 

Remaining budget-----------------------------------------------------------------
PREVIOUS GW: 6.5e+06
THIS GW: 2.3e+06

Sold-----------------------------------------------------------------
176, 363, 519, 582, 608, 

Bought-----------------------------------------------------------------
125, 399, 481, 549, 584, 

Number of illegal transfers--------------------------------------------------------------
4, 

-----------------------------------------------------------------
