Selected-----------------------------------------------------------------
24, 48, 104, 127, 128, 176, 271, 397, 428, 481, 484, 520, 558, 606, 610, 

Starting-----------------------------------------------------------------
24, 104, 127, 128, 176, 428, 481, 484, 520, 606, 610, 

Captain-----------------------------------------------------------------
481, 

Vice-Captain-----------------------------------------------------------------
606, 

Substitutes-----------------------------------------------------------------
558, 397, 271, 

Remaining budget-----------------------------------------------------------------
PREVIOUS GW: 800000
THIS GW: 100000

Sold-----------------------------------------------------------------
12, 75, 90, 583, 

Bought-----------------------------------------------------------------
24, 128, 176, 606, 

Number of illegal transfers--------------------------------------------------------------
3, 

-----------------------------------------------------------------
