Selected-----------------------------------------------------------------
12, 48, 75, 106, 178, 241, 267, 330, 344, 428, 455, 512, 548, 557, 584, 

Starting-----------------------------------------------------------------
48, 106, 178, 241, 330, 344, 455, 512, 548, 557, 584, 

Captain-----------------------------------------------------------------
455, 

Vice-Captain-----------------------------------------------------------------
584, 

Substitutes-----------------------------------------------------------------
428, 75, 267, 

Remaining budget-----------------------------------------------------------------
PREVIOUS GW: 100000
THIS GW: 400000

Sold-----------------------------------------------------------------
164, 308, 365, 577, 

Bought-----------------------------------------------------------------
178, 330, 344, 548, 

Number of illegal transfers--------------------------------------------------------------
3, 

-----------------------------------------------------------------
