Selected-----------------------------------------------------------------
25, 35, 75, 164, 198, 212, 241, 308, 365, 455, 463, 512, 557, 584, 592, 

Starting-----------------------------------------------------------------
25, 75, 212, 241, 308, 365, 455, 463, 512, 584, 592, 

Captain-----------------------------------------------------------------
455, 

Vice-Captain-----------------------------------------------------------------
592, 

Substitutes-----------------------------------------------------------------
164, 198, 557, 

Remaining budget-----------------------------------------------------------------
PREVIOUS GW: 3.7e+06
THIS GW: 6.7e+06

Sold-----------------------------------------------------------------
16, 155, 428, 621, 

Bought-----------------------------------------------------------------
25, 241, 463, 592, 

Number of illegal transfers--------------------------------------------------------------
3, 

-----------------------------------------------------------------
