Selected-----------------------------------------------------------------
18, 30, 90, 105, 127, 249, 271, 352, 428, 481, 484, 520, 583, 606, 607, 

Starting-----------------------------------------------------------------
18, 105, 127, 271, 352, 428, 481, 484, 520, 583, 606, 

Captain-----------------------------------------------------------------
484, 

Vice-Captain-----------------------------------------------------------------
481, 

Substitutes-----------------------------------------------------------------
90, 607, 249, 

Remaining budget-----------------------------------------------------------------
PREVIOUS GW: 500000
THIS GW: 100000

Sold-----------------------------------------------------------------
106, 167, 363, 399, 579, 

Bought-----------------------------------------------------------------
127, 271, 481, 520, 606, 

Number of illegal transfers--------------------------------------------------------------
4, 

-----------------------------------------------------------------
