Selected-----------------------------------------------------------------
48, 58, 104, 106, 213, 249, 259, 330, 352, 363, 449, 520, 548, 581, 606, 

Starting-----------------------------------------------------------------
48, 104, 106, 259, 330, 352, 363, 520, 548, 581, 606, 

Captain-----------------------------------------------------------------
520, 

Vice-Captain-----------------------------------------------------------------
581, 

Substitutes-----------------------------------------------------------------
249, 449, 213, 

Remaining budget-----------------------------------------------------------------
PREVIOUS GW: 100000
THIS GW: 1.5e+06

Sold-----------------------------------------------------------------
271, 394, 399, 577, 584, 

Bought-----------------------------------------------------------------
259, 352, 520, 581, 606, 

Number of illegal transfers--------------------------------------------------------------
4, 

-----------------------------------------------------------------
