Selected-----------------------------------------------------------------
24, 58, 131, 177, 205, 240, 259, 352, 394, 481, 484, 489, 547, 577, 581, 

Starting-----------------------------------------------------------------
58, 131, 177, 240, 352, 394, 481, 484, 489, 547, 577, 

Captain-----------------------------------------------------------------
489, 

Vice-Captain-----------------------------------------------------------------
481, 

Substitutes-----------------------------------------------------------------
581, 205, 259, 

Remaining budget-----------------------------------------------------------------
PREVIOUS GW: 7.4e+06
THIS GW: 7.8e+06

Sold-----------------------------------------------------------------
20, 252, 330, 452, 584, 

Bought-----------------------------------------------------------------
58, 177, 394, 489, 577, 

Number of illegal transfers--------------------------------------------------------------
4, 

-----------------------------------------------------------------
