Selected-----------------------------------------------------------------
12, 48, 104, 106, 128, 176, 186, 279, 300, 363, 406, 481, 549, 558, 598, 

Starting-----------------------------------------------------------------
12, 104, 106, 128, 176, 186, 279, 363, 406, 549, 598, 

Captain-----------------------------------------------------------------
363, 

Vice-Captain-----------------------------------------------------------------
186, 

Substitutes-----------------------------------------------------------------
558, 300, 481, 

Remaining budget-----------------------------------------------------------------
PREVIOUS GW: 4e+06
THIS GW: 7.8e+06

Sold-----------------------------------------------------------------
127, 484, 536, 606, 

Bought-----------------------------------------------------------------
186, 279, 363, 549, 

Number of illegal transfers--------------------------------------------------------------
3, 

-----------------------------------------------------------------
