Selected-----------------------------------------------------------------
23, 48, 90, 104, 106, 211, 259, 352, 363, 428, 484, 520, 557, 561, 606, 

Starting-----------------------------------------------------------------
48, 104, 211, 259, 352, 428, 484, 520, 557, 561, 606, 

Captain-----------------------------------------------------------------
484, 

Vice-Captain-----------------------------------------------------------------
352, 

Substitutes-----------------------------------------------------------------
363, 90, 106, 

Remaining budget-----------------------------------------------------------------
PREVIOUS GW: 200000
THIS GW: 3.1e+06

Sold-----------------------------------------------------------------
58, 163, 399, 548, 

Bought-----------------------------------------------------------------
48, 211, 484, 561, 

Number of illegal transfers--------------------------------------------------------------
3, 

-----------------------------------------------------------------
