Selected-----------------------------------------------------------------
37, 48, 105, 158, 176, 241, 249, 352, 397, 428, 484, 510, 557, 579, 583, 

Starting-----------------------------------------------------------------
37, 105, 158, 176, 352, 397, 428, 484, 557, 579, 583, 

Captain-----------------------------------------------------------------
105, 

Vice-Captain-----------------------------------------------------------------
397, 

Substitutes-----------------------------------------------------------------
241, 249, 510, 

Remaining budget-----------------------------------------------------------------
PREVIOUS GW: 4.2e+06
THIS GW: 800000

Sold-----------------------------------------------------------------
211, 520, 548, 606, 

Bought-----------------------------------------------------------------
105, 397, 579, 583, 

Number of illegal transfers--------------------------------------------------------------
3, 

-----------------------------------------------------------------
