Selected-----------------------------------------------------------------
15, 58, 75, 104, 106, 241, 249, 330, 352, 399, 455, 520, 548, 577, 581, 

Starting-----------------------------------------------------------------
58, 104, 106, 249, 330, 352, 399, 520, 548, 577, 581, 

Captain-----------------------------------------------------------------
520, 

Vice-Captain-----------------------------------------------------------------
548, 

Substitutes-----------------------------------------------------------------
455, 75, 241, 

Remaining budget-----------------------------------------------------------------
PREVIOUS GW: 900000
THIS GW: 2.1e+06

Sold-----------------------------------------------------------------
365, 394, 584, 592, 

Bought-----------------------------------------------------------------
352, 520, 548, 581, 

Number of illegal transfers--------------------------------------------------------------
3, 

-----------------------------------------------------------------
