Selected-----------------------------------------------------------------
23, 32, 75, 92, 106, 221, 241, 330, 363, 399, 428, 520, 548, 552, 557, 

Starting-----------------------------------------------------------------
32, 75, 106, 241, 330, 363, 399, 428, 520, 548, 557, 

Captain-----------------------------------------------------------------
557, 

Vice-Captain-----------------------------------------------------------------
330, 

Substitutes-----------------------------------------------------------------
92, 552, 221, 

Remaining budget-----------------------------------------------------------------
PREVIOUS GW: 500000
THIS GW: 1.5e+06

Sold-----------------------------------------------------------------
54, 164, 176, 308, 455, 495, 581, 

Bought-----------------------------------------------------------------
32, 221, 241, 363, 399, 428, 552, 

Number of illegal transfers--------------------------------------------------------------
6, 

-----------------------------------------------------------------
