Selected-----------------------------------------------------------------
20, 24, 131, 177, 205, 252, 259, 281, 394, 481, 484, 489, 547, 581, 584, 

Starting-----------------------------------------------------------------
20, 131, 177, 205, 281, 394, 481, 484, 489, 547, 581, 

Captain-----------------------------------------------------------------
489, 

Vice-Captain-----------------------------------------------------------------
481, 

Substitutes-----------------------------------------------------------------
584, 259, 252, 

Remaining budget-----------------------------------------------------------------
PREVIOUS GW: 900000
THIS GW: 3.9e+06

Sold-----------------------------------------------------------------
121, 330, 428, 531, 

Bought-----------------------------------------------------------------
177, 281, 394, 489, 

Number of illegal transfers--------------------------------------------------------------
3, 

-----------------------------------------------------------------
