Selected-----------------------------------------------------------------
8, 50, 96, 100, 174, 186, 269, 282, 400, 415, 421, 489, 586, 592, 606, 

Starting-----------------------------------------------------------------
50, 174, 186, 269, 400, 415, 421, 489, 586, 592, 606, 

Captain-----------------------------------------------------------------
421, 

Vice-Captain-----------------------------------------------------------------
400, 

Substitutes-----------------------------------------------------------------
100, 96, 282, 

Remaining budget-----------------------------------------------------------------
PREVIOUS GW: 5.2e+06
THIS GW: 1e+06

Sold-----------------------------------------------------------------
75, 121, 330, 545, 599, 

Bought-----------------------------------------------------------------
174, 269, 489, 586, 606, 

Number of illegal transfers--------------------------------------------------------------
4, 

-----------------------------------------------------------------
