Selected-----------------------------------------------------------------
18, 37, 75, 89, 128, 164, 198, 365, 415, 428, 495, 512, 584, 610, 616, 

Starting-----------------------------------------------------------------
18, 75, 164, 198, 365, 415, 428, 495, 512, 584, 616, 

Captain-----------------------------------------------------------------
428, 

Vice-Captain-----------------------------------------------------------------
512, 

Substitutes-----------------------------------------------------------------
128, 89, 610, 

Remaining budget-----------------------------------------------------------------
PREVIOUS GW: 600000
THIS GW: 300000

Sold-----------------------------------------------------------------
176, 259, 265, 489, 522, 583, 

Bought-----------------------------------------------------------------
75, 164, 198, 428, 512, 616, 

Number of illegal transfers--------------------------------------------------------------
5, 

-----------------------------------------------------------------
