Selected-----------------------------------------------------------------
20, 24, 121, 126, 128, 186, 259, 352, 363, 399, 481, 531, 549, 576, 584, 

Starting-----------------------------------------------------------------
20, 121, 126, 186, 352, 363, 399, 481, 549, 576, 584, 

Captain-----------------------------------------------------------------
481, 

Vice-Captain-----------------------------------------------------------------
399, 

Substitutes-----------------------------------------------------------------
531, 259, 128, 

Remaining budget-----------------------------------------------------------------
PREVIOUS GW: 3e+06
THIS GW: 8.1e+06

Sold-----------------------------------------------------------------
33, 125, 132, 335, 428, 

Bought-----------------------------------------------------------------
20, 121, 126, 352, 481, 

Number of illegal transfers--------------------------------------------------------------
4, 

-----------------------------------------------------------------
