Selected-----------------------------------------------------------------
48, 58, 90, 104, 105, 124, 158, 397, 428, 484, 510, 520, 557, 579, 583, 

Starting-----------------------------------------------------------------
48, 90, 104, 105, 158, 397, 428, 484, 557, 579, 583, 

Captain-----------------------------------------------------------------
428, 

Vice-Captain-----------------------------------------------------------------
583, 

Substitutes-----------------------------------------------------------------
510, 520, 124, 

Remaining budget-----------------------------------------------------------------
PREVIOUS GW: 6.8e+06
THIS GW: 1.1e+06

Sold-----------------------------------------------------------------
210, 352, 548, 561, 

Bought-----------------------------------------------------------------
105, 397, 579, 583, 

Number of illegal transfers--------------------------------------------------------------
3, 

-----------------------------------------------------------------
