Selected-----------------------------------------------------------------
12, 52, 75, 89, 164, 176, 265, 365, 394, 415, 428, 495, 548, 549, 557, 

Starting-----------------------------------------------------------------
12, 75, 164, 176, 365, 394, 415, 428, 495, 549, 557, 

Captain-----------------------------------------------------------------
428, 

Vice-Captain-----------------------------------------------------------------
365, 

Substitutes-----------------------------------------------------------------
548, 89, 265, 

Remaining budget-----------------------------------------------------------------
PREVIOUS GW: 2e+06
THIS GW: 1.1e+06

Sold-----------------------------------------------------------------
178, 186, 522, 583, 

Bought-----------------------------------------------------------------
75, 164, 415, 557, 

Number of illegal transfers--------------------------------------------------------------
3, 

-----------------------------------------------------------------
