Selected-----------------------------------------------------------------
12, 48, 105, 106, 127, 128, 176, 300, 361, 428, 481, 520, 548, 606, 608, 

Starting-----------------------------------------------------------------
12, 105, 106, 127, 128, 176, 361, 428, 481, 606, 608, 

Captain-----------------------------------------------------------------
128, 

Vice-Captain-----------------------------------------------------------------
606, 

Substitutes-----------------------------------------------------------------
520, 548, 300, 

Remaining budget-----------------------------------------------------------------
PREVIOUS GW: 0
THIS GW: 4.1e+06

Sold-----------------------------------------------------------------
92, 427, 558, 583, 

Bought-----------------------------------------------------------------
128, 361, 606, 608, 

Number of illegal transfers--------------------------------------------------------------
3, 

-----------------------------------------------------------------
