Selected-----------------------------------------------------------------
25, 52, 75, 131, 164, 198, 241, 308, 365, 455, 463, 512, 557, 584, 592, 

Starting-----------------------------------------------------------------
25, 75, 164, 241, 308, 365, 455, 463, 512, 584, 592, 

Captain-----------------------------------------------------------------
455, 

Vice-Captain-----------------------------------------------------------------
592, 

Substitutes-----------------------------------------------------------------
198, 557, 131, 

Remaining budget-----------------------------------------------------------------
PREVIOUS GW: 3e+06
THIS GW: 7.5e+06

Sold-----------------------------------------------------------------
35, 155, 428, 621, 

Bought-----------------------------------------------------------------
25, 241, 463, 592, 

Number of illegal transfers--------------------------------------------------------------
3, 

-----------------------------------------------------------------
