Selected-----------------------------------------------------------------
23, 48, 92, 104, 106, 158, 241, 352, 363, 399, 428, 520, 552, 557, 583, 

Starting-----------------------------------------------------------------
48, 104, 106, 158, 352, 363, 399, 428, 520, 557, 583, 

Captain-----------------------------------------------------------------
428, 

Vice-Captain-----------------------------------------------------------------
557, 

Substitutes-----------------------------------------------------------------
552, 241, 92, 

Remaining budget-----------------------------------------------------------------
PREVIOUS GW: 2.6e+06
THIS GW: 1.8e+06

Sold-----------------------------------------------------------------
75, 164, 330, 484, 548, 

Bought-----------------------------------------------------------------
104, 158, 363, 399, 583, 

Number of illegal transfers--------------------------------------------------------------
4, 

-----------------------------------------------------------------
