Selected-----------------------------------------------------------------
12, 44, 89, 103, 106, 241, 259, 330, 394, 399, 455, 520, 548, 581, 584, 

Starting-----------------------------------------------------------------
44, 89, 106, 259, 330, 394, 399, 520, 548, 581, 584, 

Captain-----------------------------------------------------------------
520, 

Vice-Captain-----------------------------------------------------------------
581, 

Substitutes-----------------------------------------------------------------
455, 241, 103, 

Remaining budget-----------------------------------------------------------------
PREVIOUS GW: 1.2e+06
THIS GW: 400000

Sold-----------------------------------------------------------------
75, 365, 549, 557, 

Bought-----------------------------------------------------------------
259, 520, 548, 581, 

Number of illegal transfers--------------------------------------------------------------
3, 

-----------------------------------------------------------------
