Selected-----------------------------------------------------------------
12, 30, 75, 132, 164, 176, 241, 308, 330, 344, 428, 455, 548, 557, 584, 

Starting-----------------------------------------------------------------
12, 75, 176, 241, 330, 344, 428, 455, 548, 557, 584, 

Captain-----------------------------------------------------------------
455, 

Vice-Captain-----------------------------------------------------------------
584, 

Substitutes-----------------------------------------------------------------
308, 164, 132, 

Remaining budget-----------------------------------------------------------------
PREVIOUS GW: 1.4e+06
THIS GW: 900000

Sold-----------------------------------------------------------------
155, 365, 495, 577, 

Bought-----------------------------------------------------------------
241, 330, 344, 548, 

Number of illegal transfers--------------------------------------------------------------
3, 

-----------------------------------------------------------------
