Selected-----------------------------------------------------------------
24, 35, 131, 171, 177, 203, 205, 338, 350, 481, 484, 489, 557, 581, 584, 

Starting-----------------------------------------------------------------
35, 131, 171, 177, 338, 350, 484, 489, 557, 581, 584, 

Captain-----------------------------------------------------------------
131, 

Vice-Captain-----------------------------------------------------------------
350, 

Substitutes-----------------------------------------------------------------
481, 205, 203, 

Remaining budget-----------------------------------------------------------------
PREVIOUS GW: 6.2e+06
THIS GW: 4.2e+06

Sold-----------------------------------------------------------------
44, 252, 281, 549, 

Bought-----------------------------------------------------------------
35, 171, 338, 557, 

Number of illegal transfers--------------------------------------------------------------
3, 

-----------------------------------------------------------------
