Selected-----------------------------------------------------------------
12, 48, 90, 92, 104, 105, 106, 352, 397, 428, 484, 510, 561, 579, 583, 

Starting-----------------------------------------------------------------
12, 90, 104, 105, 106, 352, 397, 428, 484, 579, 583, 

Captain-----------------------------------------------------------------
105, 

Vice-Captain-----------------------------------------------------------------
397, 

Substitutes-----------------------------------------------------------------
92, 561, 510, 

Remaining budget-----------------------------------------------------------------
PREVIOUS GW: 5.7e+06
THIS GW: 4.6e+06

Sold-----------------------------------------------------------------
163, 211, 520, 557, 606, 

Bought-----------------------------------------------------------------
105, 106, 397, 579, 583, 

Number of illegal transfers--------------------------------------------------------------
4, 

-----------------------------------------------------------------
