Selected-----------------------------------------------------------------
35, 37, 75, 89, 164, 198, 267, 281, 308, 365, 455, 489, 557, 584, 592, 

Starting-----------------------------------------------------------------
35, 75, 89, 164, 281, 308, 365, 455, 489, 557, 592, 

Captain-----------------------------------------------------------------
308, 

Vice-Captain-----------------------------------------------------------------
365, 

Substitutes-----------------------------------------------------------------
584, 198, 267, 

Remaining budget-----------------------------------------------------------------
PREVIOUS GW: 4.3e+06
THIS GW: 800000

Sold-----------------------------------------------------------------
415, 495, 512, 610, 

Bought-----------------------------------------------------------------
281, 308, 455, 557, 

Number of illegal transfers--------------------------------------------------------------
3, 

-----------------------------------------------------------------
