Selected-----------------------------------------------------------------
12, 48, 92, 106, 127, 241, 259, 352, 428, 481, 484, 520, 583, 606, 607, 

Starting-----------------------------------------------------------------
48, 92, 106, 127, 352, 428, 481, 484, 520, 583, 606, 

Captain-----------------------------------------------------------------
484, 

Vice-Captain-----------------------------------------------------------------
481, 

Substitutes-----------------------------------------------------------------
607, 259, 241, 

Remaining budget-----------------------------------------------------------------
PREVIOUS GW: 0
THIS GW: 300000

Sold-----------------------------------------------------------------
104, 105, 363, 399, 579, 

Bought-----------------------------------------------------------------
92, 127, 481, 520, 606, 

Number of illegal transfers--------------------------------------------------------------
4, 

-----------------------------------------------------------------
