Selected-----------------------------------------------------------------
18, 48, 90, 127, 167, 249, 271, 352, 428, 481, 484, 520, 583, 606, 607, 

Starting-----------------------------------------------------------------
48, 90, 127, 271, 352, 428, 481, 484, 520, 583, 606, 

Captain-----------------------------------------------------------------
484, 

Vice-Captain-----------------------------------------------------------------
481, 

Substitutes-----------------------------------------------------------------
167, 607, 249, 

Remaining budget-----------------------------------------------------------------
PREVIOUS GW: 0
THIS GW: 200000

Sold-----------------------------------------------------------------
105, 106, 363, 399, 579, 

Bought-----------------------------------------------------------------
127, 271, 481, 520, 606, 

Number of illegal transfers--------------------------------------------------------------
4, 

-----------------------------------------------------------------
