Selected-----------------------------------------------------------------
12, 16, 75, 132, 178, 241, 267, 308, 330, 344, 394, 455, 548, 557, 584, 

Starting-----------------------------------------------------------------
12, 75, 178, 241, 330, 344, 394, 455, 548, 557, 584, 

Captain-----------------------------------------------------------------
455, 

Vice-Captain-----------------------------------------------------------------
584, 

Substitutes-----------------------------------------------------------------
308, 267, 132, 

Remaining budget-----------------------------------------------------------------
PREVIOUS GW: 2.7e+06
THIS GW: 5.3e+06

Sold-----------------------------------------------------------------
164, 365, 428, 553, 577, 

Bought-----------------------------------------------------------------
178, 330, 344, 548, 584, 

Number of illegal transfers--------------------------------------------------------------
4, 

-----------------------------------------------------------------
