Selected-----------------------------------------------------------------
12, 48, 96, 104, 106, 158, 241, 352, 399, 428, 484, 520, 552, 557, 583, 

Starting-----------------------------------------------------------------
12, 104, 106, 158, 352, 399, 428, 484, 520, 557, 583, 

Captain-----------------------------------------------------------------
428, 

Vice-Captain-----------------------------------------------------------------
557, 

Substitutes-----------------------------------------------------------------
552, 241, 96, 

Remaining budget-----------------------------------------------------------------
PREVIOUS GW: 3.5e+06
THIS GW: 200000

Sold-----------------------------------------------------------------
75, 92, 330, 548, 

Bought-----------------------------------------------------------------
104, 158, 399, 583, 

Number of illegal transfers--------------------------------------------------------------
3, 

-----------------------------------------------------------------
