Selected-----------------------------------------------------------------
12, 52, 75, 92, 106, 213, 241, 330, 335, 344, 428, 455, 548, 584, 592, 

Starting-----------------------------------------------------------------
12, 106, 213, 241, 330, 335, 344, 455, 548, 584, 592, 

Captain-----------------------------------------------------------------
330, 

Vice-Captain-----------------------------------------------------------------
335, 

Substitutes-----------------------------------------------------------------
428, 75, 92, 

Remaining budget-----------------------------------------------------------------
PREVIOUS GW: 700000
THIS GW: 5.3e+06

Sold-----------------------------------------------------------------
267, 308, 365, 557, 

Bought-----------------------------------------------------------------
213, 335, 344, 548, 

Number of illegal transfers--------------------------------------------------------------
3, 

-----------------------------------------------------------------
