Selected-----------------------------------------------------------------
12, 48, 75, 106, 164, 176, 241, 344, 394, 428, 455, 512, 548, 557, 584, 

Starting-----------------------------------------------------------------
48, 106, 176, 241, 344, 394, 455, 512, 548, 557, 584, 

Captain-----------------------------------------------------------------
455, 

Vice-Captain-----------------------------------------------------------------
584, 

Substitutes-----------------------------------------------------------------
428, 75, 164, 

Remaining budget-----------------------------------------------------------------
PREVIOUS GW: 2.1e+06
THIS GW: 1e+06

Sold-----------------------------------------------------------------
89, 308, 365, 549, 

Bought-----------------------------------------------------------------
176, 344, 512, 548, 

Number of illegal transfers--------------------------------------------------------------
3, 

-----------------------------------------------------------------
