Selected-----------------------------------------------------------------
24, 48, 106, 128, 176, 186, 259, 363, 428, 481, 519, 522, 584, 606, 608, 

Starting-----------------------------------------------------------------
24, 106, 128, 176, 186, 259, 363, 428, 519, 584, 608, 

Captain-----------------------------------------------------------------
128, 

Vice-Captain-----------------------------------------------------------------
259, 

Substitutes-----------------------------------------------------------------
481, 606, 522, 

Remaining budget-----------------------------------------------------------------
PREVIOUS GW: 1.3e+06
THIS GW: 1.7e+06

Sold-----------------------------------------------------------------
104, 300, 558, 619, 

Bought-----------------------------------------------------------------
259, 519, 584, 608, 

Number of illegal transfers--------------------------------------------------------------
3, 

-----------------------------------------------------------------
