Selected-----------------------------------------------------------------
12, 25, 104, 106, 241, 249, 259, 330, 363, 399, 428, 520, 548, 577, 592, 

Starting-----------------------------------------------------------------
12, 104, 106, 249, 330, 363, 399, 428, 520, 548, 577, 

Captain-----------------------------------------------------------------
330, 

Vice-Captain-----------------------------------------------------------------
428, 

Substitutes-----------------------------------------------------------------
592, 259, 241, 

Remaining budget-----------------------------------------------------------------
PREVIOUS GW: 4.6e+06
THIS GW: 400000

Sold-----------------------------------------------------------------
176, 352, 455, 581, 

Bought-----------------------------------------------------------------
249, 399, 428, 577, 

Number of illegal transfers--------------------------------------------------------------
3, 

-----------------------------------------------------------------
