Selected-----------------------------------------------------------------
16, 24, 104, 127, 128, 176, 259, 363, 481, 484, 519, 520, 584, 606, 608, 

Starting-----------------------------------------------------------------
24, 128, 176, 259, 363, 481, 484, 519, 584, 606, 608, 

Captain-----------------------------------------------------------------
363, 

Vice-Captain-----------------------------------------------------------------
606, 

Substitutes-----------------------------------------------------------------
104, 127, 520, 

Remaining budget-----------------------------------------------------------------
PREVIOUS GW: 3.5e+06
THIS GW: 4.7e+06

Sold-----------------------------------------------------------------
90, 106, 277, 583, 

Bought-----------------------------------------------------------------
176, 259, 484, 608, 

Number of illegal transfers--------------------------------------------------------------
3, 

-----------------------------------------------------------------
