Selected-----------------------------------------------------------------
1, 30, 78, 106, 131, 171, 265, 329, 350, 394, 406, 484, 549, 561, 581, 

Starting-----------------------------------------------------------------
1, 78, 106, 171, 265, 329, 406, 484, 549, 561, 581, 

Captain-----------------------------------------------------------------
1, 

Vice-Captain-----------------------------------------------------------------
106, 

Substitutes-----------------------------------------------------------------
131, 350, 394, 

Remaining budget-----------------------------------------------------------------
PREVIOUS GW: 1.3e+07
THIS GW: 5.3e+06

Sold-----------------------------------------------------------------
9, 154, 237, 338, 489, 

Bought-----------------------------------------------------------------
1, 78, 106, 329, 406, 

Number of illegal transfers--------------------------------------------------------------
4, 

-----------------------------------------------------------------
