Selected-----------------------------------------------------------------
23, 37, 104, 105, 124, 158, 211, 352, 397, 428, 484, 510, 557, 579, 583, 

Starting-----------------------------------------------------------------
37, 104, 105, 158, 352, 397, 428, 484, 557, 579, 583, 

Captain-----------------------------------------------------------------
105, 

Vice-Captain-----------------------------------------------------------------
397, 

Substitutes-----------------------------------------------------------------
510, 211, 124, 

Remaining budget-----------------------------------------------------------------
PREVIOUS GW: 3.2e+06
THIS GW: 600000

Sold-----------------------------------------------------------------
48, 176, 520, 561, 606, 

Bought-----------------------------------------------------------------
37, 105, 397, 579, 583, 

Number of illegal transfers--------------------------------------------------------------
4, 

-----------------------------------------------------------------
