Selected-----------------------------------------------------------------
16, 32, 75, 90, 106, 241, 259, 315, 330, 399, 428, 520, 548, 557, 577, 

Starting-----------------------------------------------------------------
32, 90, 106, 259, 330, 399, 428, 520, 548, 557, 577, 

Captain-----------------------------------------------------------------
428, 

Vice-Captain-----------------------------------------------------------------
557, 

Substitutes-----------------------------------------------------------------
315, 75, 241, 

Remaining budget-----------------------------------------------------------------
PREVIOUS GW: 1.5e+06
THIS GW: 200000

Sold-----------------------------------------------------------------
18, 176, 455, 581, 

Bought-----------------------------------------------------------------
32, 90, 428, 557, 

Number of illegal transfers--------------------------------------------------------------
3, 

-----------------------------------------------------------------
