Selected-----------------------------------------------------------------
17, 30, 131, 154, 171, 237, 265, 338, 350, 394, 484, 489, 549, 581, 584, 

Starting-----------------------------------------------------------------
30, 131, 154, 171, 237, 265, 394, 484, 489, 549, 581, 

Captain-----------------------------------------------------------------
484, 

Vice-Captain-----------------------------------------------------------------
171, 

Substitutes-----------------------------------------------------------------
338, 584, 350, 

Remaining budget-----------------------------------------------------------------
PREVIOUS GW: 9.2e+06
THIS GW: 1.06e+07

Sold-----------------------------------------------------------------
35, 186, 205, 252, 

Bought-----------------------------------------------------------------
30, 154, 237, 265, 

Number of illegal transfers--------------------------------------------------------------
3, 

-----------------------------------------------------------------
