Selected-----------------------------------------------------------------
18, 48, 105, 127, 167, 179, 241, 352, 428, 481, 484, 520, 552, 583, 606, 

Starting-----------------------------------------------------------------
48, 105, 127, 167, 352, 428, 481, 484, 520, 583, 606, 

Captain-----------------------------------------------------------------
484, 

Vice-Captain-----------------------------------------------------------------
481, 

Substitutes-----------------------------------------------------------------
179, 552, 241, 

Remaining budget-----------------------------------------------------------------
PREVIOUS GW: 2.5e+06
THIS GW: 200000

Sold-----------------------------------------------------------------
54, 104, 363, 399, 579, 

Bought-----------------------------------------------------------------
48, 127, 481, 484, 606, 

Number of illegal transfers--------------------------------------------------------------
4, 

-----------------------------------------------------------------
