Selected-----------------------------------------------------------------
20, 30, 128, 131, 205, 252, 259, 330, 350, 466, 484, 489, 576, 581, 584, 

Starting-----------------------------------------------------------------
20, 131, 205, 252, 330, 350, 484, 489, 576, 581, 584, 

Captain-----------------------------------------------------------------
131, 

Vice-Captain-----------------------------------------------------------------
581, 

Substitutes-----------------------------------------------------------------
466, 259, 128, 

Remaining budget-----------------------------------------------------------------
PREVIOUS GW: 1.14e+07
THIS GW: 700000

Sold-----------------------------------------------------------------
394, 481, 547, 549, 

Bought-----------------------------------------------------------------
330, 350, 576, 581, 

Number of illegal transfers--------------------------------------------------------------
3, 

-----------------------------------------------------------------
