Selected-----------------------------------------------------------------
12, 30, 154, 171, 177, 237, 265, 307, 338, 394, 484, 489, 549, 557, 581, 

Starting-----------------------------------------------------------------
30, 154, 171, 177, 237, 265, 307, 484, 489, 549, 581, 

Captain-----------------------------------------------------------------
484, 

Vice-Captain-----------------------------------------------------------------
171, 

Substitutes-----------------------------------------------------------------
557, 394, 338, 

Remaining budget-----------------------------------------------------------------
PREVIOUS GW: 4e+06
THIS GW: 9e+06

Sold-----------------------------------------------------------------
35, 131, 203, 205, 350, 584, 

Bought-----------------------------------------------------------------
30, 154, 237, 265, 307, 549, 

Number of illegal transfers--------------------------------------------------------------
5, 

-----------------------------------------------------------------
