Selected-----------------------------------------------------------------
12, 48, 90, 92, 105, 234, 271, 397, 405, 415, 481, 484, 579, 583, 607, 

Starting-----------------------------------------------------------------
48, 92, 105, 234, 271, 397, 405, 415, 481, 484, 583, 

Captain-----------------------------------------------------------------
481, 

Vice-Captain-----------------------------------------------------------------
484, 

Substitutes-----------------------------------------------------------------
579, 90, 607, 

Remaining budget-----------------------------------------------------------------
PREVIOUS GW: 2.4e+06
THIS GW: 3.9e+06

Sold-----------------------------------------------------------------
104, 167, 241, 399, 428, 510, 

Bought-----------------------------------------------------------------
92, 234, 271, 405, 415, 481, 

Number of illegal transfers--------------------------------------------------------------
5, 

-----------------------------------------------------------------
