Selected-----------------------------------------------------------------
52, 54, 75, 89, 164, 198, 259, 365, 406, 428, 455, 512, 557, 592, 610, 

Starting-----------------------------------------------------------------
54, 75, 164, 198, 365, 406, 428, 455, 512, 557, 592, 

Captain-----------------------------------------------------------------
428, 

Vice-Captain-----------------------------------------------------------------
512, 

Substitutes-----------------------------------------------------------------
89, 259, 610, 

Remaining budget-----------------------------------------------------------------
PREVIOUS GW: 1.2e+06
THIS GW: 200000

Sold-----------------------------------------------------------------
128, 132, 176, 489, 495, 522, 584, 

Bought-----------------------------------------------------------------
75, 164, 198, 428, 455, 512, 592, 

Number of illegal transfers--------------------------------------------------------------
6, 

-----------------------------------------------------------------
