Selected-----------------------------------------------------------------
24, 30, 106, 108, 128, 176, 186, 279, 330, 363, 428, 519, 548, 549, 584, 

Starting-----------------------------------------------------------------
30, 108, 128, 176, 186, 279, 330, 363, 428, 519, 584, 

Captain-----------------------------------------------------------------
584, 

Vice-Captain-----------------------------------------------------------------
186, 

Substitutes-----------------------------------------------------------------
549, 548, 106, 

Remaining budget-----------------------------------------------------------------
PREVIOUS GW: 5.2e+06
THIS GW: 1.9e+06

Sold-----------------------------------------------------------------
12, 300, 406, 598, 

Bought-----------------------------------------------------------------
30, 330, 519, 584, 

Number of illegal transfers--------------------------------------------------------------
3, 

-----------------------------------------------------------------
