Selected-----------------------------------------------------------------
1, 6, 78, 103, 105, 174, 236, 286, 394, 405, 448, 530, 580, 581, 606, 

Starting-----------------------------------------------------------------
1, 78, 103, 105, 174, 236, 286, 394, 405, 581, 606, 

Captain-----------------------------------------------------------------
581, 

Vice-Captain-----------------------------------------------------------------
606, 

Substitutes-----------------------------------------------------------------
530, 448, 580, 

Remaining budget-----------------------------------------------------------------
PREVIOUS GW: 400000
THIS GW: 600000

Sold-----------------------------------------------------------------
74, 187, 245, 458, 559, 584, 

Bought-----------------------------------------------------------------
103, 174, 236, 394, 580, 606, 

Number of illegal transfers--------------------------------------------------------------
5, 

-----------------------------------------------------------------
