Selected-----------------------------------------------------------------
30, 52, 125, 131, 205, 252, 259, 330, 386, 399, 481, 484, 547, 581, 584, 

Starting-----------------------------------------------------------------
30, 131, 205, 252, 259, 330, 481, 484, 547, 581, 584, 

Captain-----------------------------------------------------------------
330, 

Vice-Captain-----------------------------------------------------------------
131, 

Substitutes-----------------------------------------------------------------
386, 399, 125, 

Remaining budget-----------------------------------------------------------------
PREVIOUS GW: 3.4e+06
THIS GW: 0

Sold-----------------------------------------------------------------
127, 128, 428, 549, 

Bought-----------------------------------------------------------------
131, 205, 330, 581, 

Number of illegal transfers--------------------------------------------------------------
3, 

-----------------------------------------------------------------
