Selected-----------------------------------------------------------------
12, 23, 75, 106, 163, 213, 259, 330, 352, 363, 394, 520, 548, 557, 577, 

Starting-----------------------------------------------------------------
23, 106, 163, 259, 330, 352, 363, 520, 548, 557, 577, 

Captain-----------------------------------------------------------------
520, 

Vice-Captain-----------------------------------------------------------------
548, 

Substitutes-----------------------------------------------------------------
394, 213, 75, 

Remaining budget-----------------------------------------------------------------
PREVIOUS GW: 3.4e+06
THIS GW: 3.5e+06

Sold-----------------------------------------------------------------
52, 241, 412, 455, 

Bought-----------------------------------------------------------------
23, 259, 352, 520, 

Number of illegal transfers--------------------------------------------------------------
3, 

-----------------------------------------------------------------
