Selected-----------------------------------------------------------------
12, 23, 92, 104, 127, 210, 241, 300, 428, 481, 484, 522, 579, 583, 610, 

Starting-----------------------------------------------------------------
12, 92, 104, 127, 300, 428, 481, 484, 522, 583, 610, 

Captain-----------------------------------------------------------------
583, 

Vice-Captain-----------------------------------------------------------------
428, 

Substitutes-----------------------------------------------------------------
579, 210, 241, 

Remaining budget-----------------------------------------------------------------
PREVIOUS GW: 200000
THIS GW: 4.1e+06

Sold-----------------------------------------------------------------
48, 105, 520, 606, 

Bought-----------------------------------------------------------------
12, 92, 522, 610, 

Number of illegal transfers--------------------------------------------------------------
3, 

-----------------------------------------------------------------
