Selected-----------------------------------------------------------------
18, 52, 92, 104, 105, 127, 241, 352, 397, 428, 481, 484, 548, 552, 583, 

Starting-----------------------------------------------------------------
18, 92, 104, 105, 127, 352, 397, 428, 481, 484, 583, 

Captain-----------------------------------------------------------------
428, 

Vice-Captain-----------------------------------------------------------------
104, 

Substitutes-----------------------------------------------------------------
548, 552, 241, 

Remaining budget-----------------------------------------------------------------
PREVIOUS GW: 3.4e+06
THIS GW: 900000

Sold-----------------------------------------------------------------
66, 158, 234, 536, 

Bought-----------------------------------------------------------------
18, 92, 104, 397, 

Number of illegal transfers--------------------------------------------------------------
3, 

-----------------------------------------------------------------
