Selected-----------------------------------------------------------------
20, 48, 131, 186, 205, 252, 259, 330, 363, 394, 481, 484, 549, 581, 584, 

Starting-----------------------------------------------------------------
48, 131, 205, 252, 330, 394, 481, 484, 549, 581, 584, 

Captain-----------------------------------------------------------------
584, 

Vice-Captain-----------------------------------------------------------------
581, 

Substitutes-----------------------------------------------------------------
363, 259, 186, 

Remaining budget-----------------------------------------------------------------
PREVIOUS GW: 500000
THIS GW: 1.1e+06

Sold-----------------------------------------------------------------
128, 176, 399, 606, 

Bought-----------------------------------------------------------------
131, 205, 330, 581, 

Number of illegal transfers--------------------------------------------------------------
3, 

-----------------------------------------------------------------
