Selected-----------------------------------------------------------------
12, 24, 92, 104, 128, 176, 186, 326, 363, 428, 484, 519, 584, 598, 606, 

Starting-----------------------------------------------------------------
24, 104, 128, 176, 186, 326, 363, 428, 519, 584, 606, 

Captain-----------------------------------------------------------------
128, 

Vice-Captain-----------------------------------------------------------------
104, 

Substitutes-----------------------------------------------------------------
484, 598, 92, 

Remaining budget-----------------------------------------------------------------
PREVIOUS GW: 4.1e+06
THIS GW: 1.3e+06

Sold-----------------------------------------------------------------
127, 300, 481, 548, 558, 

Bought-----------------------------------------------------------------
186, 326, 519, 584, 606, 

Number of illegal transfers--------------------------------------------------------------
4, 

-----------------------------------------------------------------
