Selected-----------------------------------------------------------------
1, 9, 78, 104, 106, 171, 265, 284, 363, 406, 481, 484, 549, 561, 581, 

Starting-----------------------------------------------------------------
1, 78, 104, 106, 171, 265, 284, 363, 406, 549, 561, 

Captain-----------------------------------------------------------------
1, 

Vice-Captain-----------------------------------------------------------------
106, 

Substitutes-----------------------------------------------------------------
581, 484, 481, 

Remaining budget-----------------------------------------------------------------
PREVIOUS GW: 9.3e+06
THIS GW: 1.1e+06

Sold-----------------------------------------------------------------
35, 154, 177, 237, 338, 350, 

Bought-----------------------------------------------------------------
1, 78, 104, 106, 284, 406, 

Number of illegal transfers--------------------------------------------------------------
5, 

-----------------------------------------------------------------
