Selected-----------------------------------------------------------------
24, 48, 128, 131, 186, 252, 259, 386, 399, 481, 484, 531, 549, 577, 584, 

Starting-----------------------------------------------------------------
24, 128, 131, 186, 252, 259, 481, 484, 531, 549, 584, 

Captain-----------------------------------------------------------------
549, 

Vice-Captain-----------------------------------------------------------------
584, 

Substitutes-----------------------------------------------------------------
577, 386, 399, 

Remaining budget-----------------------------------------------------------------
PREVIOUS GW: 2.3e+06
THIS GW: 4.9e+06

Sold-----------------------------------------------------------------
104, 106, 335, 606, 

Bought-----------------------------------------------------------------
131, 252, 484, 584, 

Number of illegal transfers--------------------------------------------------------------
3, 

-----------------------------------------------------------------
