Selected-----------------------------------------------------------------
15, 48, 104, 167, 241, 249, 267, 352, 399, 428, 484, 520, 548, 557, 606, 

Starting-----------------------------------------------------------------
48, 104, 167, 267, 352, 428, 484, 520, 548, 557, 606, 

Captain-----------------------------------------------------------------
352, 

Vice-Captain-----------------------------------------------------------------
484, 

Substitutes-----------------------------------------------------------------
399, 249, 241, 

Remaining budget-----------------------------------------------------------------
PREVIOUS GW: 100000
THIS GW: 300000

Sold-----------------------------------------------------------------
58, 330, 344, 577, 

Bought-----------------------------------------------------------------
48, 352, 484, 606, 

Number of illegal transfers--------------------------------------------------------------
3, 

-----------------------------------------------------------------
