Selected-----------------------------------------------------------------
12, 15, 75, 92, 104, 106, 163, 330, 363, 394, 412, 455, 548, 577, 592, 

Starting-----------------------------------------------------------------
12, 104, 106, 163, 330, 363, 394, 412, 548, 577, 592, 

Captain-----------------------------------------------------------------
330, 

Vice-Captain-----------------------------------------------------------------
104, 

Substitutes-----------------------------------------------------------------
455, 75, 92, 

Remaining budget-----------------------------------------------------------------
PREVIOUS GW: 7.3e+06
THIS GW: 6.3e+06

Sold-----------------------------------------------------------------
241, 259, 335, 584, 

Bought-----------------------------------------------------------------
104, 163, 363, 577, 

Number of illegal transfers--------------------------------------------------------------
3, 

-----------------------------------------------------------------
