Selected-----------------------------------------------------------------
37, 44, 75, 89, 164, 198, 267, 365, 415, 428, 455, 512, 584, 592, 610, 

Starting-----------------------------------------------------------------
44, 75, 164, 198, 267, 365, 415, 428, 455, 512, 592, 

Captain-----------------------------------------------------------------
512, 

Vice-Captain-----------------------------------------------------------------
365, 

Substitutes-----------------------------------------------------------------
584, 89, 610, 

Remaining budget-----------------------------------------------------------------
PREVIOUS GW: 400000
THIS GW: 1.5e+06

Sold-----------------------------------------------------------------
4, 128, 176, 186, 265, 489, 495, 522, 583, 

Bought-----------------------------------------------------------------
44, 75, 164, 198, 267, 428, 455, 512, 592, 

Number of illegal transfers--------------------------------------------------------------
8, 

-----------------------------------------------------------------
