Selected-----------------------------------------------------------------
18, 52, 75, 106, 164, 241, 259, 363, 394, 428, 455, 520, 557, 577, 592, 

Starting-----------------------------------------------------------------
18, 75, 106, 164, 363, 394, 428, 520, 557, 577, 592, 

Captain-----------------------------------------------------------------
428, 

Vice-Captain-----------------------------------------------------------------
557, 

Substitutes-----------------------------------------------------------------
241, 455, 259, 

Remaining budget-----------------------------------------------------------------
PREVIOUS GW: 6.7e+06
THIS GW: 1.3e+06

Sold-----------------------------------------------------------------
35, 344, 512, 548, 584, 

Bought-----------------------------------------------------------------
18, 363, 428, 577, 592, 

Number of illegal transfers--------------------------------------------------------------
4, 

-----------------------------------------------------------------
