Selected-----------------------------------------------------------------
24, 48, 104, 127, 128, 176, 186, 277, 363, 428, 481, 522, 548, 583, 598, 

Starting-----------------------------------------------------------------
48, 104, 128, 186, 277, 363, 428, 481, 548, 583, 598, 

Captain-----------------------------------------------------------------
548, 

Vice-Captain-----------------------------------------------------------------
598, 

Substitutes-----------------------------------------------------------------
522, 127, 176, 

Remaining budget-----------------------------------------------------------------
PREVIOUS GW: 3.2e+06
THIS GW: 1.6e+06

Sold-----------------------------------------------------------------
75, 352, 484, 520, 606, 

Bought-----------------------------------------------------------------
186, 277, 363, 428, 548, 

Number of illegal transfers--------------------------------------------------------------
4, 

-----------------------------------------------------------------
