Selected-----------------------------------------------------------------
23, 48, 105, 106, 163, 167, 259, 352, 397, 428, 484, 510, 557, 579, 583, 

Starting-----------------------------------------------------------------
48, 105, 106, 167, 352, 397, 428, 484, 557, 579, 583, 

Captain-----------------------------------------------------------------
105, 

Vice-Captain-----------------------------------------------------------------
397, 

Substitutes-----------------------------------------------------------------
510, 259, 163, 

Remaining budget-----------------------------------------------------------------
PREVIOUS GW: 8.8e+06
THIS GW: 1.4e+06

Sold-----------------------------------------------------------------
124, 211, 520, 548, 561, 

Bought-----------------------------------------------------------------
105, 167, 397, 579, 583, 

Number of illegal transfers--------------------------------------------------------------
4, 

-----------------------------------------------------------------
