Selected-----------------------------------------------------------------
9, 54, 125, 164, 170, 222, 259, 363, 386, 399, 402, 481, 549, 584, 606, 

Starting-----------------------------------------------------------------
9, 164, 170, 222, 363, 386, 399, 402, 481, 549, 584, 

Captain-----------------------------------------------------------------
549, 

Vice-Captain-----------------------------------------------------------------
584, 

Substitutes-----------------------------------------------------------------
606, 125, 259, 

Remaining budget-----------------------------------------------------------------
PREVIOUS GW: 6.1e+06
THIS GW: 400000

Sold-----------------------------------------------------------------
128, 335, 451, 466, 

Bought-----------------------------------------------------------------
164, 386, 399, 402, 

Number of illegal transfers--------------------------------------------------------------
3, 

-----------------------------------------------------------------
