Selected-----------------------------------------------------------------
18, 37, 75, 89, 92, 106, 241, 308, 330, 365, 412, 455, 584, 592, 610, 

Starting-----------------------------------------------------------------
18, 89, 92, 106, 241, 308, 330, 365, 412, 455, 584, 

Captain-----------------------------------------------------------------
330, 

Vice-Captain-----------------------------------------------------------------
106, 

Substitutes-----------------------------------------------------------------
592, 75, 610, 

Remaining budget-----------------------------------------------------------------
PREVIOUS GW: 9.7e+06
THIS GW: 8.4e+06

Sold-----------------------------------------------------------------
164, 267, 463, 512, 

Bought-----------------------------------------------------------------
92, 106, 330, 412, 

Number of illegal transfers--------------------------------------------------------------
3, 

-----------------------------------------------------------------
