Selected-----------------------------------------------------------------
12, 52, 75, 92, 106, 213, 241, 308, 330, 365, 412, 455, 557, 584, 592, 

Starting-----------------------------------------------------------------
12, 92, 106, 241, 308, 330, 365, 412, 455, 557, 584, 

Captain-----------------------------------------------------------------
330, 

Vice-Captain-----------------------------------------------------------------
106, 

Substitutes-----------------------------------------------------------------
213, 592, 75, 

Remaining budget-----------------------------------------------------------------
PREVIOUS GW: 6.2e+06
THIS GW: 6.8e+06

Sold-----------------------------------------------------------------
54, 164, 267, 463, 489, 

Bought-----------------------------------------------------------------
12, 92, 106, 330, 412, 

Number of illegal transfers--------------------------------------------------------------
4, 

-----------------------------------------------------------------
