Selected-----------------------------------------------------------------
24, 48, 125, 128, 176, 186, 259, 363, 399, 451, 481, 519, 577, 584, 606, 

Starting-----------------------------------------------------------------
24, 125, 128, 186, 259, 399, 451, 481, 577, 584, 606, 

Captain-----------------------------------------------------------------
399, 

Vice-Captain-----------------------------------------------------------------
606, 

Substitutes-----------------------------------------------------------------
363, 176, 519, 

Remaining budget-----------------------------------------------------------------
PREVIOUS GW: 3.8e+06
THIS GW: 3.3e+06

Sold-----------------------------------------------------------------
104, 279, 406, 520, 608, 

Bought-----------------------------------------------------------------
125, 399, 451, 481, 577, 

Number of illegal transfers--------------------------------------------------------------
4, 

-----------------------------------------------------------------
