Total expected points: 740.998
Selected-----------------------------------------------------------------
37, 52, 89, 178, 186, 259, 265, 274, 365, 394, 472, 522, 548, 583, 610, 

Starting-----------------------------------------------------------------
37, 89, 259, 265, 274, 365, 394, 472, 522, 548, 610, 

Captain-----------------------------------------------------------------
274, 

Vice-Captain-----------------------------------------------------------------
522, 

Substitutes-----------------------------------------------------------------
583, 178, 186, 

Remaining budget-----------------------------------------------------------------
4.3e+06, 

-----------------------------------------------------------------
