Selected-----------------------------------------------------------------
12, 48, 75, 89, 106, 164, 221, 330, 394, 455, 489, 520, 548, 557, 584, 

Starting-----------------------------------------------------------------
12, 75, 106, 164, 394, 455, 489, 520, 548, 557, 584, 

Captain-----------------------------------------------------------------
584, 

Vice-Captain-----------------------------------------------------------------
489, 

Substitutes-----------------------------------------------------------------
330, 89, 221, 

Remaining budget-----------------------------------------------------------------
PREVIOUS GW: 1.6e+06
THIS GW: 2.1e+06

Sold-----------------------------------------------------------------
365, 397, 495, 549, 

Bought-----------------------------------------------------------------
455, 489, 520, 548, 

Number of illegal transfers--------------------------------------------------------------
3, 

-----------------------------------------------------------------
