Selected-----------------------------------------------------------------
30, 35, 131, 171, 177, 203, 205, 338, 350, 481, 484, 489, 557, 561, 581, 

Starting-----------------------------------------------------------------
35, 131, 171, 177, 338, 350, 484, 489, 557, 561, 581, 

Captain-----------------------------------------------------------------
131, 

Vice-Captain-----------------------------------------------------------------
171, 

Substitutes-----------------------------------------------------------------
205, 203, 481, 

Remaining budget-----------------------------------------------------------------
PREVIOUS GW: 8.4e+06
THIS GW: 8.1e+06

Sold-----------------------------------------------------------------
9, 79, 281, 549, 577, 

Bought-----------------------------------------------------------------
35, 171, 338, 557, 561, 

Number of illegal transfers--------------------------------------------------------------
4, 

-----------------------------------------------------------------
