Selected-----------------------------------------------------------------
9, 30, 121, 128, 131, 186, 252, 330, 350, 352, 481, 484, 549, 581, 584, 

Starting-----------------------------------------------------------------
9, 121, 131, 186, 330, 350, 352, 481, 549, 581, 584, 

Captain-----------------------------------------------------------------
581, 

Vice-Captain-----------------------------------------------------------------
584, 

Substitutes-----------------------------------------------------------------
484, 252, 128, 

Remaining budget-----------------------------------------------------------------
PREVIOUS GW: 3.7e+06
THIS GW: 2.7e+06

Sold-----------------------------------------------------------------
259, 394, 531, 577, 

Bought-----------------------------------------------------------------
121, 350, 352, 581, 

Number of illegal transfers--------------------------------------------------------------
3, 

-----------------------------------------------------------------
