Selected-----------------------------------------------------------------
1, 48, 90, 104, 106, 127, 271, 397, 428, 481, 484, 520, 558, 583, 610, 

Starting-----------------------------------------------------------------
1, 104, 106, 127, 397, 428, 481, 484, 520, 558, 583, 

Captain-----------------------------------------------------------------
558, 

Vice-Captain-----------------------------------------------------------------
104, 

Substitutes-----------------------------------------------------------------
610, 271, 90, 

Remaining budget-----------------------------------------------------------------
PREVIOUS GW: 200000
THIS GW: 500000

Sold-----------------------------------------------------------------
58, 234, 415, 548, 

Bought-----------------------------------------------------------------
1, 104, 520, 558, 

Number of illegal transfers--------------------------------------------------------------
3, 

-----------------------------------------------------------------
