Selected-----------------------------------------------------------------
23, 44, 106, 127, 167, 221, 241, 352, 428, 481, 484, 520, 583, 606, 607, 

Starting-----------------------------------------------------------------
23, 106, 127, 167, 352, 428, 481, 484, 520, 583, 606, 

Captain-----------------------------------------------------------------
484, 

Vice-Captain-----------------------------------------------------------------
481, 

Substitutes-----------------------------------------------------------------
607, 241, 221, 

Remaining budget-----------------------------------------------------------------
PREVIOUS GW: 100000
THIS GW: 300000

Sold-----------------------------------------------------------------
104, 363, 399, 557, 

Bought-----------------------------------------------------------------
127, 481, 484, 606, 

Number of illegal transfers--------------------------------------------------------------
3, 

-----------------------------------------------------------------
