Selected-----------------------------------------------------------------
18, 48, 92, 101, 104, 105, 127, 352, 397, 428, 481, 484, 548, 552, 583, 

Starting-----------------------------------------------------------------
18, 92, 104, 105, 127, 352, 397, 428, 481, 484, 583, 

Captain-----------------------------------------------------------------
428, 

Vice-Captain-----------------------------------------------------------------
104, 

Substitutes-----------------------------------------------------------------
548, 552, 101, 

Remaining budget-----------------------------------------------------------------
PREVIOUS GW: 3.1e+06
THIS GW: 1.7e+06

Sold-----------------------------------------------------------------
167, 176, 234, 536, 

Bought-----------------------------------------------------------------
92, 104, 105, 397, 

Number of illegal transfers--------------------------------------------------------------
3, 

-----------------------------------------------------------------
