Selected-----------------------------------------------------------------
12, 44, 92, 105, 106, 210, 249, 344, 352, 363, 428, 484, 557, 579, 583, 

Starting-----------------------------------------------------------------
44, 105, 106, 249, 352, 363, 428, 484, 557, 579, 583, 

Captain-----------------------------------------------------------------
428, 

Vice-Captain-----------------------------------------------------------------
557, 

Substitutes-----------------------------------------------------------------
210, 344, 92, 

Remaining budget-----------------------------------------------------------------
PREVIOUS GW: 2.9e+06
THIS GW: 500000

Sold-----------------------------------------------------------------
54, 132, 520, 548, 606, 

Bought-----------------------------------------------------------------
44, 105, 363, 579, 583, 

Number of illegal transfers--------------------------------------------------------------
4, 

-----------------------------------------------------------------
