Selected-----------------------------------------------------------------
12, 15, 131, 186, 205, 252, 259, 330, 428, 481, 484, 519, 549, 581, 584, 

Starting-----------------------------------------------------------------
12, 131, 205, 252, 259, 330, 481, 484, 549, 581, 584, 

Captain-----------------------------------------------------------------
330, 

Vice-Captain-----------------------------------------------------------------
131, 

Substitutes-----------------------------------------------------------------
428, 186, 519, 

Remaining budget-----------------------------------------------------------------
PREVIOUS GW: 1.2e+06
THIS GW: 500000

Sold-----------------------------------------------------------------
127, 128, 386, 606, 

Bought-----------------------------------------------------------------
131, 205, 330, 581, 

Number of illegal transfers--------------------------------------------------------------
3, 

-----------------------------------------------------------------
