Selected-----------------------------------------------------------------
1, 12, 78, 106, 131, 171, 237, 338, 350, 394, 484, 489, 547, 549, 557, 

Starting-----------------------------------------------------------------
1, 78, 106, 131, 171, 237, 350, 394, 484, 549, 557, 

Captain-----------------------------------------------------------------
1, 

Vice-Captain-----------------------------------------------------------------
106, 

Substitutes-----------------------------------------------------------------
547, 338, 489, 

Remaining budget-----------------------------------------------------------------
PREVIOUS GW: 1.61e+07
THIS GW: 1.18e+07

Sold-----------------------------------------------------------------
9, 154, 252, 584, 

Bought-----------------------------------------------------------------
1, 78, 106, 557, 

Number of illegal transfers--------------------------------------------------------------
3, 

-----------------------------------------------------------------
