Selected-----------------------------------------------------------------
30, 54, 128, 176, 186, 222, 259, 279, 330, 363, 406, 519, 548, 584, 606, 

Starting-----------------------------------------------------------------
54, 128, 176, 222, 259, 330, 363, 519, 548, 584, 606, 

Captain-----------------------------------------------------------------
259, 

Vice-Captain-----------------------------------------------------------------
606, 

Substitutes-----------------------------------------------------------------
186, 279, 406, 

Remaining budget-----------------------------------------------------------------
PREVIOUS GW: 3.5e+06
THIS GW: 0

Sold-----------------------------------------------------------------
12, 106, 108, 549, 

Bought-----------------------------------------------------------------
54, 222, 259, 606, 

Number of illegal transfers--------------------------------------------------------------
3, 

-----------------------------------------------------------------
