Selected-----------------------------------------------------------------
9, 24, 131, 153, 205, 222, 252, 330, 350, 352, 481, 531, 549, 581, 584, 

Starting-----------------------------------------------------------------
9, 131, 153, 205, 330, 350, 352, 481, 549, 581, 584, 

Captain-----------------------------------------------------------------
581, 

Vice-Captain-----------------------------------------------------------------
584, 

Substitutes-----------------------------------------------------------------
531, 252, 222, 

Remaining budget-----------------------------------------------------------------
PREVIOUS GW: 7.5e+06
THIS GW: 5.6e+06

Sold-----------------------------------------------------------------
128, 259, 394, 484, 577, 

Bought-----------------------------------------------------------------
153, 205, 330, 352, 581, 

Number of illegal transfers--------------------------------------------------------------
4, 

-----------------------------------------------------------------
