Selected-----------------------------------------------------------------
8, 31, 68, 104, 105, 111, 157, 386, 452, 489, 523, 531, 570, 603, 606, 

Starting-----------------------------------------------------------------
31, 68, 104, 111, 386, 452, 489, 523, 531, 603, 606, 

Captain-----------------------------------------------------------------
386, 

Vice-Captain-----------------------------------------------------------------
31, 

Substitutes-----------------------------------------------------------------
105, 157, 570, 

Remaining budget-----------------------------------------------------------------
PREVIOUS GW: 3.4e+06
THIS GW: 2.2e+06

Sold-----------------------------------------------------------------
40, 169, 350, 421, 481, 

Bought-----------------------------------------------------------------
31, 68, 386, 452, 531, 

Number of illegal transfers--------------------------------------------------------------
4, 

-----------------------------------------------------------------
