Selected-----------------------------------------------------------------
12, 52, 92, 104, 106, 127, 210, 397, 428, 481, 484, 522, 548, 552, 583, 

Starting-----------------------------------------------------------------
12, 92, 106, 127, 397, 428, 481, 484, 522, 548, 583, 

Captain-----------------------------------------------------------------
583, 

Vice-Captain-----------------------------------------------------------------
428, 

Substitutes-----------------------------------------------------------------
104, 552, 210, 

Remaining budget-----------------------------------------------------------------
PREVIOUS GW: 3.4e+06
THIS GW: 0

Sold-----------------------------------------------------------------
48, 234, 300, 520, 

Bought-----------------------------------------------------------------
12, 92, 397, 522, 

Number of illegal transfers--------------------------------------------------------------
3, 

-----------------------------------------------------------------
