Selected-----------------------------------------------------------------
24, 48, 104, 127, 128, 176, 234, 300, 406, 481, 520, 522, 548, 558, 606, 

Starting-----------------------------------------------------------------
24, 104, 127, 128, 176, 234, 406, 481, 520, 548, 606, 

Captain-----------------------------------------------------------------
481, 

Vice-Captain-----------------------------------------------------------------
606, 

Substitutes-----------------------------------------------------------------
300, 558, 522, 

Remaining budget-----------------------------------------------------------------
PREVIOUS GW: 1.1e+06
THIS GW: 3.2e+06

Sold-----------------------------------------------------------------
1, 105, 271, 428, 583, 

Bought-----------------------------------------------------------------
24, 128, 176, 406, 606, 

Number of illegal transfers--------------------------------------------------------------
4, 

-----------------------------------------------------------------
