Selected-----------------------------------------------------------------
1, 9, 106, 131, 171, 237, 265, 330, 350, 352, 406, 428, 549, 561, 581, 

Starting-----------------------------------------------------------------
1, 106, 131, 171, 265, 330, 406, 428, 549, 561, 581, 

Captain-----------------------------------------------------------------
171, 

Vice-Captain-----------------------------------------------------------------
406, 

Substitutes-----------------------------------------------------------------
237, 350, 352, 

Remaining budget-----------------------------------------------------------------
PREVIOUS GW: 7.4e+06
THIS GW: 100000

Sold-----------------------------------------------------------------
37, 177, 484, 489, 

Bought-----------------------------------------------------------------
1, 106, 406, 428, 

Number of illegal transfers--------------------------------------------------------------
3, 

-----------------------------------------------------------------
