Selected-----------------------------------------------------------------
12, 24, 104, 106, 127, 128, 259, 363, 428, 481, 484, 536, 548, 583, 598, 

Starting-----------------------------------------------------------------
12, 104, 127, 128, 363, 428, 481, 536, 548, 583, 598, 

Captain-----------------------------------------------------------------
548, 

Vice-Captain-----------------------------------------------------------------
598, 

Substitutes-----------------------------------------------------------------
106, 484, 259, 

Remaining budget-----------------------------------------------------------------
PREVIOUS GW: 1.9e+06
THIS GW: 200000

Sold-----------------------------------------------------------------
397, 520, 606, 610, 

Bought-----------------------------------------------------------------
363, 428, 548, 598, 

Number of illegal transfers--------------------------------------------------------------
3, 

-----------------------------------------------------------------
