Selected-----------------------------------------------------------------
12, 52, 89, 106, 158, 241, 259, 330, 352, 363, 428, 520, 548, 557, 606, 

Starting-----------------------------------------------------------------
52, 106, 158, 259, 330, 363, 428, 520, 548, 557, 606, 

Captain-----------------------------------------------------------------
428, 

Vice-Captain-----------------------------------------------------------------
557, 

Substitutes-----------------------------------------------------------------
352, 89, 241, 

Remaining budget-----------------------------------------------------------------
PREVIOUS GW: 4.2e+06
THIS GW: 300000

Sold-----------------------------------------------------------------
75, 335, 394, 577, 

Bought-----------------------------------------------------------------
158, 363, 428, 557, 

Number of illegal transfers--------------------------------------------------------------
3, 

-----------------------------------------------------------------
