Selected-----------------------------------------------------------------
28, 52, 78, 96, 103, 174, 232, 282, 400, 414, 500, 505, 545, 599, 606, 

Starting-----------------------------------------------------------------
28, 96, 103, 174, 282, 400, 414, 500, 505, 545, 606, 

Captain-----------------------------------------------------------------
545, 

Vice-Captain-----------------------------------------------------------------
400, 

Substitutes-----------------------------------------------------------------
78, 599, 232, 

Remaining budget-----------------------------------------------------------------
PREVIOUS GW: 2.7e+06
THIS GW: 3.8e+06

Sold-----------------------------------------------------------------
192, 415, 484, 601, 

Bought-----------------------------------------------------------------
96, 282, 400, 545, 

Number of illegal transfers--------------------------------------------------------------
3, 

-----------------------------------------------------------------
