Selected-----------------------------------------------------------------
12, 35, 75, 92, 104, 106, 163, 330, 363, 394, 412, 455, 548, 558, 577, 

Starting-----------------------------------------------------------------
12, 104, 106, 163, 330, 363, 394, 412, 548, 558, 577, 

Captain-----------------------------------------------------------------
330, 

Vice-Captain-----------------------------------------------------------------
104, 

Substitutes-----------------------------------------------------------------
455, 75, 92, 

Remaining budget-----------------------------------------------------------------
PREVIOUS GW: 6.8e+06
THIS GW: 2.3e+06

Sold-----------------------------------------------------------------
241, 259, 335, 365, 584, 592, 

Bought-----------------------------------------------------------------
104, 163, 363, 394, 558, 577, 

Number of illegal transfers--------------------------------------------------------------
5, 

-----------------------------------------------------------------
