Selected-----------------------------------------------------------------
12, 24, 121, 128, 131, 252, 259, 352, 428, 481, 484, 531, 547, 549, 584, 

Starting-----------------------------------------------------------------
24, 131, 252, 259, 352, 481, 484, 531, 547, 549, 584, 

Captain-----------------------------------------------------------------
549, 

Vice-Captain-----------------------------------------------------------------
584, 

Substitutes-----------------------------------------------------------------
428, 128, 121, 

Remaining budget-----------------------------------------------------------------
PREVIOUS GW: 4.9e+06
THIS GW: 9.4e+06

Sold-----------------------------------------------------------------
186, 222, 399, 577, 

Bought-----------------------------------------------------------------
131, 252, 484, 547, 

Number of illegal transfers--------------------------------------------------------------
3, 

-----------------------------------------------------------------
