Total expected points: 504.807
Selected-----------------------------------------------------------------
12, 37, 75, 89, 176, 186, 212, 365, 394, 428, 495, 522, 548, 549, 583, 

Starting-----------------------------------------------------------------
12, 75, 89, 176, 365, 394, 428, 495, 522, 548, 583, 

Captain-----------------------------------------------------------------
522, 

Vice-Captain-----------------------------------------------------------------
365, 

Substitutes-----------------------------------------------------------------
549, 186, 212, 

Remaining budget-----------------------------------------------------------------
200000, 

-----------------------------------------------------------------
