Selected-----------------------------------------------------------------
12, 44, 89, 90, 105, 106, 249, 352, 399, 428, 484, 510, 557, 583, 607, 

Starting-----------------------------------------------------------------
44, 90, 105, 106, 352, 399, 428, 484, 557, 583, 607, 

Captain-----------------------------------------------------------------
428, 

Vice-Captain-----------------------------------------------------------------
583, 

Substitutes-----------------------------------------------------------------
510, 249, 89, 

Remaining budget-----------------------------------------------------------------
PREVIOUS GW: 6.7e+06
THIS GW: -1.26893e-08

Sold-----------------------------------------------------------------
259, 520, 548, 577, 

Bought-----------------------------------------------------------------
105, 399, 583, 607, 

Number of illegal transfers--------------------------------------------------------------
3, 

-----------------------------------------------------------------
