Total expected points: 501.762
Selected-----------------------------------------------------------------
12, 23, 75, 92, 93, 155, 164, 365, 394, 397, 428, 522, 551, 557, 621, 

Starting-----------------------------------------------------------------
12, 75, 155, 164, 365, 394, 397, 428, 522, 551, 557, 

Captain-----------------------------------------------------------------
365, 

Vice-Captain-----------------------------------------------------------------
428, 

Substitutes-----------------------------------------------------------------
92, 93, 621, 

Remaining budget-----------------------------------------------------------------
2.1e+06, 

-----------------------------------------------------------------
