Selected-----------------------------------------------------------------
12, 48, 90, 104, 106, 167, 249, 363, 397, 399, 428, 520, 552, 557, 583, 

Starting-----------------------------------------------------------------
48, 104, 106, 167, 363, 397, 399, 428, 520, 557, 583, 

Captain-----------------------------------------------------------------
428, 

Vice-Captain-----------------------------------------------------------------
583, 

Substitutes-----------------------------------------------------------------
90, 249, 552, 

Remaining budget-----------------------------------------------------------------
PREVIOUS GW: 800000
THIS GW: 500000

Sold-----------------------------------------------------------------
259, 330, 352, 484, 548, 577, 606, 

Bought-----------------------------------------------------------------
167, 363, 397, 399, 552, 557, 583, 

Number of illegal transfers--------------------------------------------------------------
6, 

-----------------------------------------------------------------
