Selected-----------------------------------------------------------------
12, 48, 89, 104, 106, 158, 162, 352, 428, 455, 484, 520, 548, 583, 606, 

Starting-----------------------------------------------------------------
48, 104, 106, 158, 352, 428, 484, 520, 548, 583, 606, 

Captain-----------------------------------------------------------------
520, 

Vice-Captain-----------------------------------------------------------------
484, 

Substitutes-----------------------------------------------------------------
455, 162, 89, 

Remaining budget-----------------------------------------------------------------
PREVIOUS GW: 700000
THIS GW: 900000

Sold-----------------------------------------------------------------
330, 399, 592, 607, 

Bought-----------------------------------------------------------------
484, 520, 548, 606, 

Number of illegal transfers--------------------------------------------------------------
3, 

-----------------------------------------------------------------
