Selected-----------------------------------------------------------------
12, 24, 104, 106, 127, 128, 176, 363, 428, 481, 510, 519, 548, 584, 598, 

Starting-----------------------------------------------------------------
24, 104, 106, 127, 128, 176, 428, 481, 510, 519, 584, 

Captain-----------------------------------------------------------------
128, 

Vice-Captain-----------------------------------------------------------------
584, 

Substitutes-----------------------------------------------------------------
363, 548, 598, 

Remaining budget-----------------------------------------------------------------
PREVIOUS GW: 4.3e+06
THIS GW: 4.9e+06

Sold-----------------------------------------------------------------
271, 520, 522, 558, 

Bought-----------------------------------------------------------------
176, 510, 519, 584, 

Number of illegal transfers--------------------------------------------------------------
3, 

-----------------------------------------------------------------
