Selected-----------------------------------------------------------------
48, 52, 75, 164, 241, 259, 271, 330, 352, 455, 512, 520, 548, 557, 577, 

Starting-----------------------------------------------------------------
48, 75, 259, 271, 330, 352, 455, 520, 548, 557, 577, 

Captain-----------------------------------------------------------------
520, 

Vice-Captain-----------------------------------------------------------------
455, 

Substitutes-----------------------------------------------------------------
512, 164, 241, 

Remaining budget-----------------------------------------------------------------
PREVIOUS GW: 900000
THIS GW: 8e+06

Sold-----------------------------------------------------------------
12, 89, 221, 394, 428, 592, 

Bought-----------------------------------------------------------------
48, 259, 271, 352, 520, 548, 

Number of illegal transfers--------------------------------------------------------------
5, 

-----------------------------------------------------------------
