Selected-----------------------------------------------------------------
23, 48, 89, 104, 106, 158, 241, 352, 399, 428, 484, 520, 552, 557, 583, 

Starting-----------------------------------------------------------------
48, 104, 106, 158, 352, 399, 428, 484, 520, 557, 583, 

Captain-----------------------------------------------------------------
428, 

Vice-Captain-----------------------------------------------------------------
557, 

Substitutes-----------------------------------------------------------------
552, 241, 89, 

Remaining budget-----------------------------------------------------------------
PREVIOUS GW: 300000
THIS GW: 1e+06

Sold-----------------------------------------------------------------
75, 92, 330, 548, 577, 

Bought-----------------------------------------------------------------
104, 158, 399, 552, 583, 

Number of illegal transfers--------------------------------------------------------------
4, 

-----------------------------------------------------------------
