Selected-----------------------------------------------------------------
12, 18, 96, 104, 106, 176, 271, 281, 300, 394, 455, 520, 577, 583, 584, 

Starting-----------------------------------------------------------------
18, 96, 104, 176, 281, 300, 394, 520, 577, 583, 584, 

Captain-----------------------------------------------------------------
394, 

Vice-Captain-----------------------------------------------------------------
300, 

Substitutes-----------------------------------------------------------------
106, 271, 455, 

Remaining budget-----------------------------------------------------------------
PREVIOUS GW: 3.3e+06
THIS GW: 100000

Sold-----------------------------------------------------------------
267, 352, 365, 412, 489, 581, 607, 

Bought-----------------------------------------------------------------
104, 281, 300, 394, 520, 577, 583, 

Number of illegal transfers--------------------------------------------------------------
6, 

-----------------------------------------------------------------
