Selected-----------------------------------------------------------------
9, 12, 104, 128, 131, 252, 259, 399, 402, 481, 484, 531, 549, 584, 606, 

Starting-----------------------------------------------------------------
9, 131, 252, 259, 399, 402, 481, 484, 531, 549, 584, 

Captain-----------------------------------------------------------------
549, 

Vice-Captain-----------------------------------------------------------------
481, 

Substitutes-----------------------------------------------------------------
606, 128, 104, 

Remaining budget-----------------------------------------------------------------
PREVIOUS GW: 2.1e+06
THIS GW: 2.9e+06

Sold-----------------------------------------------------------------
30, 125, 176, 335, 363, 

Bought-----------------------------------------------------------------
9, 131, 252, 484, 531, 

Number of illegal transfers--------------------------------------------------------------
4, 

-----------------------------------------------------------------
