Selected-----------------------------------------------------------------
23, 44, 79, 131, 203, 205, 259, 330, 352, 394, 481, 484, 549, 581, 584, 

Starting-----------------------------------------------------------------
44, 131, 203, 205, 330, 352, 394, 481, 484, 581, 584, 

Captain-----------------------------------------------------------------
330, 

Vice-Captain-----------------------------------------------------------------
131, 

Substitutes-----------------------------------------------------------------
549, 79, 259, 

Remaining budget-----------------------------------------------------------------
PREVIOUS GW: 1.26e+07
THIS GW: 4.1e+06

Sold-----------------------------------------------------------------
48, 186, 252, 402, 547, 

Bought-----------------------------------------------------------------
44, 203, 205, 330, 581, 

Number of illegal transfers--------------------------------------------------------------
4, 

-----------------------------------------------------------------
