Selected-----------------------------------------------------------------
23, 48, 92, 104, 127, 234, 241, 352, 428, 481, 484, 536, 548, 552, 583, 

Starting-----------------------------------------------------------------
48, 92, 127, 234, 352, 428, 481, 484, 536, 548, 583, 

Captain-----------------------------------------------------------------
484, 

Vice-Captain-----------------------------------------------------------------
481, 

Substitutes-----------------------------------------------------------------
552, 104, 241, 

Remaining budget-----------------------------------------------------------------
PREVIOUS GW: 1.9e+06
THIS GW: 4.6e+06

Sold-----------------------------------------------------------------
106, 167, 520, 557, 

Bought-----------------------------------------------------------------
127, 234, 536, 548, 

Number of illegal transfers--------------------------------------------------------------
3, 

-----------------------------------------------------------------
