Selected-----------------------------------------------------------------
12, 24, 104, 108, 128, 176, 186, 300, 363, 428, 481, 522, 558, 598, 606, 

Starting-----------------------------------------------------------------
12, 104, 108, 128, 176, 186, 363, 428, 522, 598, 606, 

Captain-----------------------------------------------------------------
363, 

Vice-Captain-----------------------------------------------------------------
186, 

Substitutes-----------------------------------------------------------------
558, 300, 481, 

Remaining budget-----------------------------------------------------------------
PREVIOUS GW: 300000
THIS GW: 1.2e+06

Sold-----------------------------------------------------------------
18, 127, 397, 406, 484, 

Bought-----------------------------------------------------------------
12, 186, 363, 428, 522, 

Number of illegal transfers--------------------------------------------------------------
4, 

-----------------------------------------------------------------
