Selected-----------------------------------------------------------------
30, 35, 131, 171, 203, 205, 252, 338, 350, 481, 484, 489, 557, 561, 581, 

Starting-----------------------------------------------------------------
35, 131, 171, 205, 338, 350, 484, 489, 557, 561, 581, 

Captain-----------------------------------------------------------------
131, 

Vice-Captain-----------------------------------------------------------------
171, 

Substitutes-----------------------------------------------------------------
203, 481, 252, 

Remaining budget-----------------------------------------------------------------
PREVIOUS GW: 1e+07
THIS GW: 8.8e+06

Sold-----------------------------------------------------------------
23, 259, 281, 549, 577, 

Bought-----------------------------------------------------------------
35, 171, 338, 557, 561, 

Number of illegal transfers--------------------------------------------------------------
4, 

-----------------------------------------------------------------
