Selected-----------------------------------------------------------------
25, 35, 75, 162, 164, 198, 241, 308, 365, 455, 463, 512, 548, 584, 592, 

Starting-----------------------------------------------------------------
25, 75, 164, 241, 308, 365, 455, 463, 512, 584, 592, 

Captain-----------------------------------------------------------------
455, 

Vice-Captain-----------------------------------------------------------------
592, 

Substitutes-----------------------------------------------------------------
548, 198, 162, 

Remaining budget-----------------------------------------------------------------
PREVIOUS GW: 2e+06
THIS GW: 9.1e+06

Sold-----------------------------------------------------------------
16, 155, 428, 557, 577, 

Bought-----------------------------------------------------------------
25, 241, 463, 584, 592, 

Number of illegal transfers--------------------------------------------------------------
4, 

-----------------------------------------------------------------
