Selected-----------------------------------------------------------------
9, 20, 121, 128, 131, 186, 252, 399, 402, 481, 484, 531, 549, 584, 606, 

Starting-----------------------------------------------------------------
9, 121, 131, 252, 399, 402, 481, 484, 531, 549, 584, 

Captain-----------------------------------------------------------------
549, 

Vice-Captain-----------------------------------------------------------------
481, 

Substitutes-----------------------------------------------------------------
186, 606, 128, 

Remaining budget-----------------------------------------------------------------
PREVIOUS GW: 5e+06
THIS GW: 4.9e+06

Sold-----------------------------------------------------------------
24, 222, 259, 335, 363, 

Bought-----------------------------------------------------------------
9, 131, 252, 484, 531, 

Number of illegal transfers--------------------------------------------------------------
4, 

-----------------------------------------------------------------
