Selected-----------------------------------------------------------------
25, 35, 75, 155, 164, 198, 241, 308, 365, 394, 455, 512, 577, 584, 592, 

Starting-----------------------------------------------------------------
25, 75, 164, 241, 308, 365, 394, 455, 512, 584, 592, 

Captain-----------------------------------------------------------------
455, 

Vice-Captain-----------------------------------------------------------------
592, 

Substitutes-----------------------------------------------------------------
198, 577, 155, 

Remaining budget-----------------------------------------------------------------
PREVIOUS GW: 2.3e+06
THIS GW: 5.9e+06

Sold-----------------------------------------------------------------
15, 221, 428, 621, 

Bought-----------------------------------------------------------------
25, 241, 455, 592, 

Number of illegal transfers--------------------------------------------------------------
3, 

-----------------------------------------------------------------
