Selected-----------------------------------------------------------------
37, 44, 90, 105, 127, 234, 271, 427, 481, 484, 520, 536, 583, 584, 607, 

Starting-----------------------------------------------------------------
37, 105, 127, 234, 271, 427, 481, 484, 536, 583, 584, 

Captain-----------------------------------------------------------------
481, 

Vice-Captain-----------------------------------------------------------------
583, 

Substitutes-----------------------------------------------------------------
607, 520, 90, 

Remaining budget-----------------------------------------------------------------
PREVIOUS GW: 1.2e+06
THIS GW: 3e+06

Sold-----------------------------------------------------------------
48, 249, 405, 428, 579, 

Bought-----------------------------------------------------------------
37, 271, 427, 536, 584, 

Number of illegal transfers--------------------------------------------------------------
4, 

-----------------------------------------------------------------
