Selected-----------------------------------------------------------------
17, 30, 104, 125, 128, 186, 259, 279, 363, 399, 481, 519, 577, 584, 606, 

Starting-----------------------------------------------------------------
17, 125, 128, 186, 259, 363, 399, 481, 577, 584, 606, 

Captain-----------------------------------------------------------------
399, 

Vice-Captain-----------------------------------------------------------------
606, 

Substitutes-----------------------------------------------------------------
519, 104, 279, 

Remaining budget-----------------------------------------------------------------
PREVIOUS GW: 4.3e+06
THIS GW: 1.7e+06

Sold-----------------------------------------------------------------
12, 106, 520, 548, 

Bought-----------------------------------------------------------------
17, 125, 481, 577, 

Number of illegal transfers--------------------------------------------------------------
3, 

-----------------------------------------------------------------
