Selected-----------------------------------------------------------------
9, 12, 121, 125, 128, 252, 259, 394, 399, 481, 484, 531, 549, 576, 584, 

Starting-----------------------------------------------------------------
9, 121, 252, 259, 394, 481, 484, 531, 549, 576, 584, 

Captain-----------------------------------------------------------------
549, 

Vice-Captain-----------------------------------------------------------------
481, 

Substitutes-----------------------------------------------------------------
399, 128, 125, 

Remaining budget-----------------------------------------------------------------
PREVIOUS GW: 4.7e+06
THIS GW: 5.1e+06

Sold-----------------------------------------------------------------
30, 176, 335, 363, 

Bought-----------------------------------------------------------------
9, 252, 484, 531, 

Number of illegal transfers--------------------------------------------------------------
3, 

-----------------------------------------------------------------
