Selected-----------------------------------------------------------------
9, 30, 79, 131, 164, 186, 252, 352, 386, 394, 481, 484, 547, 549, 584, 

Starting-----------------------------------------------------------------
9, 79, 131, 252, 352, 394, 481, 484, 547, 549, 584, 

Captain-----------------------------------------------------------------
252, 

Vice-Captain-----------------------------------------------------------------
481, 

Substitutes-----------------------------------------------------------------
186, 164, 386, 

Remaining budget-----------------------------------------------------------------
PREVIOUS GW: 4.9e+06
THIS GW: 9.3e+06

Sold-----------------------------------------------------------------
128, 222, 402, 606, 

Bought-----------------------------------------------------------------
79, 131, 484, 547, 

Number of illegal transfers--------------------------------------------------------------
3, 

-----------------------------------------------------------------
