Selected-----------------------------------------------------------------
24, 48, 92, 104, 105, 127, 128, 277, 363, 397, 428, 481, 548, 583, 598, 

Starting-----------------------------------------------------------------
24, 104, 127, 128, 277, 363, 428, 481, 548, 583, 598, 

Captain-----------------------------------------------------------------
583, 

Vice-Captain-----------------------------------------------------------------
548, 

Substitutes-----------------------------------------------------------------
92, 397, 105, 

Remaining budget-----------------------------------------------------------------
PREVIOUS GW: 2e+06
THIS GW: 1.2e+06

Sold-----------------------------------------------------------------
415, 484, 520, 552, 606, 

Bought-----------------------------------------------------------------
277, 363, 428, 548, 598, 

Number of illegal transfers--------------------------------------------------------------
4, 

-----------------------------------------------------------------
