Selected-----------------------------------------------------------------
16, 25, 75, 92, 155, 164, 221, 365, 428, 455, 481, 522, 557, 584, 621, 

Starting-----------------------------------------------------------------
25, 75, 92, 164, 365, 428, 455, 481, 522, 557, 584, 

Captain-----------------------------------------------------------------
584, 

Vice-Captain-----------------------------------------------------------------
455, 

Substitutes-----------------------------------------------------------------
155, 221, 621, 

Remaining budget-----------------------------------------------------------------
PREVIOUS GW: 2.5e+06
THIS GW: 1.3e+06

Sold-----------------------------------------------------------------
12, 394, 397, 551, 

Bought-----------------------------------------------------------------
25, 455, 481, 584, 

Number of illegal transfers--------------------------------------------------------------
3, 

-----------------------------------------------------------------
