Selected-----------------------------------------------------------------
20, 24, 79, 121, 128, 131, 252, 352, 386, 481, 484, 531, 547, 549, 584, 

Starting-----------------------------------------------------------------
24, 79, 131, 252, 352, 481, 484, 531, 547, 549, 584, 

Captain-----------------------------------------------------------------
549, 

Vice-Captain-----------------------------------------------------------------
584, 

Substitutes-----------------------------------------------------------------
128, 121, 386, 

Remaining budget-----------------------------------------------------------------
PREVIOUS GW: 7.7e+06
THIS GW: 1.19e+07

Sold-----------------------------------------------------------------
126, 152, 186, 399, 577, 

Bought-----------------------------------------------------------------
79, 131, 252, 484, 547, 

Number of illegal transfers--------------------------------------------------------------
4, 

-----------------------------------------------------------------
