Selected-----------------------------------------------------------------
12, 54, 104, 106, 163, 259, 271, 330, 352, 399, 428, 520, 548, 561, 592, 

Starting-----------------------------------------------------------------
54, 104, 106, 259, 330, 352, 399, 428, 520, 548, 561, 

Captain-----------------------------------------------------------------
352, 

Vice-Captain-----------------------------------------------------------------
520, 

Substitutes-----------------------------------------------------------------
271, 163, 592, 

Remaining budget-----------------------------------------------------------------
PREVIOUS GW: 200000
THIS GW: 1.2e+06

Sold-----------------------------------------------------------------
158, 363, 552, 557, 

Bought-----------------------------------------------------------------
104, 352, 548, 561, 

Number of illegal transfers--------------------------------------------------------------
3, 

-----------------------------------------------------------------
