Selected-----------------------------------------------------------------
37, 52, 89, 128, 176, 186, 259, 428, 472, 489, 495, 522, 583, 584, 610, 

Starting-----------------------------------------------------------------
37, 89, 128, 176, 428, 472, 489, 495, 522, 583, 584, 

Captain-----------------------------------------------------------------
489, 

Vice-Captain-----------------------------------------------------------------
584, 

Substitutes-----------------------------------------------------------------
186, 610, 259, 

Remaining budget-----------------------------------------------------------------
PREVIOUS GW: 0
THIS GW: 800000

Sold-----------------------------------------------------------------
183, 265, 415, 557, 

Bought-----------------------------------------------------------------
128, 176, 489, 584, 

Number of illegal transfers--------------------------------------------------------------
3, 

-----------------------------------------------------------------
