Selected-----------------------------------------------------------------
20, 24, 79, 121, 128, 131, 252, 352, 363, 481, 484, 531, 547, 549, 584, 

Starting-----------------------------------------------------------------
24, 79, 131, 252, 352, 481, 484, 531, 547, 549, 584, 

Captain-----------------------------------------------------------------
549, 

Vice-Captain-----------------------------------------------------------------
584, 

Substitutes-----------------------------------------------------------------
128, 121, 363, 

Remaining budget-----------------------------------------------------------------
PREVIOUS GW: 8.9e+06
THIS GW: 1.43e+07

Sold-----------------------------------------------------------------
126, 152, 186, 399, 576, 

Bought-----------------------------------------------------------------
79, 131, 252, 484, 547, 

Number of illegal transfers--------------------------------------------------------------
4, 

-----------------------------------------------------------------
