Selected-----------------------------------------------------------------
44, 48, 104, 105, 106, 211, 241, 397, 399, 428, 484, 510, 561, 579, 583, 

Starting-----------------------------------------------------------------
44, 104, 105, 106, 241, 397, 399, 428, 484, 579, 583, 

Captain-----------------------------------------------------------------
105, 

Vice-Captain-----------------------------------------------------------------
397, 

Substitutes-----------------------------------------------------------------
561, 510, 211, 

Remaining budget-----------------------------------------------------------------
PREVIOUS GW: 3.3e+06
THIS GW: 200000

Sold-----------------------------------------------------------------
176, 267, 352, 520, 557, 606, 

Bought-----------------------------------------------------------------
105, 106, 397, 399, 579, 583, 

Number of illegal transfers--------------------------------------------------------------
5, 

-----------------------------------------------------------------
