Selected-----------------------------------------------------------------
12, 48, 90, 106, 127, 234, 271, 427, 428, 481, 484, 520, 548, 579, 583, 

Starting-----------------------------------------------------------------
12, 127, 234, 271, 427, 428, 481, 484, 520, 548, 583, 

Captain-----------------------------------------------------------------
481, 

Vice-Captain-----------------------------------------------------------------
583, 

Substitutes-----------------------------------------------------------------
90, 106, 579, 

Remaining budget-----------------------------------------------------------------
PREVIOUS GW: 800000
THIS GW: 1.2e+06

Sold-----------------------------------------------------------------
105, 249, 352, 557, 

Bought-----------------------------------------------------------------
127, 271, 427, 548, 

Number of illegal transfers--------------------------------------------------------------
3, 

-----------------------------------------------------------------
