Selected-----------------------------------------------------------------
9, 54, 79, 131, 203, 205, 259, 281, 330, 394, 481, 484, 549, 581, 584, 

Starting-----------------------------------------------------------------
54, 131, 203, 205, 281, 330, 394, 481, 484, 581, 584, 

Captain-----------------------------------------------------------------
330, 

Vice-Captain-----------------------------------------------------------------
131, 

Substitutes-----------------------------------------------------------------
79, 549, 259, 

Remaining budget-----------------------------------------------------------------
PREVIOUS GW: 6.4e+06
THIS GW: 0

Sold-----------------------------------------------------------------
186, 252, 386, 547, 

Bought-----------------------------------------------------------------
203, 205, 330, 581, 

Number of illegal transfers--------------------------------------------------------------
3, 

-----------------------------------------------------------------
