Selected-----------------------------------------------------------------
35, 48, 75, 92, 106, 241, 271, 308, 330, 449, 455, 512, 557, 577, 584, 

Starting-----------------------------------------------------------------
35, 75, 92, 106, 271, 308, 330, 455, 557, 577, 584, 

Captain-----------------------------------------------------------------
330, 

Vice-Captain-----------------------------------------------------------------
106, 

Substitutes-----------------------------------------------------------------
241, 449, 512, 

Remaining budget-----------------------------------------------------------------
PREVIOUS GW: 9e+06
THIS GW: 4.1e+06

Sold-----------------------------------------------------------------
131, 164, 463, 592, 

Bought-----------------------------------------------------------------
106, 271, 330, 577, 

Number of illegal transfers--------------------------------------------------------------
3, 

-----------------------------------------------------------------
