Selected-----------------------------------------------------------------
9, 20, 127, 128, 131, 222, 252, 330, 350, 481, 484, 531, 549, 576, 584, 

Starting-----------------------------------------------------------------
20, 127, 128, 131, 330, 350, 481, 484, 549, 576, 584, 

Captain-----------------------------------------------------------------
576, 

Vice-Captain-----------------------------------------------------------------
584, 

Substitutes-----------------------------------------------------------------
531, 252, 222, 

Remaining budget-----------------------------------------------------------------
PREVIOUS GW: 4.4e+06
THIS GW: 5.7e+06

Sold-----------------------------------------------------------------
24, 259, 363, 577, 

Bought-----------------------------------------------------------------
20, 131, 350, 576, 

Number of illegal transfers--------------------------------------------------------------
3, 

-----------------------------------------------------------------
