Selected-----------------------------------------------------------------
24, 48, 106, 108, 128, 176, 186, 279, 300, 363, 406, 428, 548, 549, 619, 

Starting-----------------------------------------------------------------
48, 106, 128, 186, 279, 363, 406, 428, 548, 549, 619, 

Captain-----------------------------------------------------------------
363, 

Vice-Captain-----------------------------------------------------------------
186, 

Substitutes-----------------------------------------------------------------
108, 176, 300, 

Remaining budget-----------------------------------------------------------------
PREVIOUS GW: 800000
THIS GW: 4.1e+06

Sold-----------------------------------------------------------------
104, 361, 481, 598, 606, 

Bought-----------------------------------------------------------------
186, 279, 363, 549, 619, 

Number of illegal transfers--------------------------------------------------------------
4, 

-----------------------------------------------------------------
