Selected-----------------------------------------------------------------
24, 48, 104, 127, 128, 176, 259, 363, 415, 481, 484, 522, 548, 598, 606, 

Starting-----------------------------------------------------------------
48, 128, 176, 259, 363, 415, 481, 484, 548, 598, 606, 

Captain-----------------------------------------------------------------
606, 

Vice-Captain-----------------------------------------------------------------
481, 

Substitutes-----------------------------------------------------------------
104, 127, 522, 

Remaining budget-----------------------------------------------------------------
PREVIOUS GW: 3.3e+06
THIS GW: 2.5e+06

Sold-----------------------------------------------------------------
186, 277, 335, 583, 584, 

Bought-----------------------------------------------------------------
259, 363, 484, 548, 606, 

Number of illegal transfers--------------------------------------------------------------
4, 

-----------------------------------------------------------------
