Selected-----------------------------------------------------------------
12, 48, 106, 127, 128, 176, 259, 352, 428, 481, 520, 522, 548, 558, 583, 

Starting-----------------------------------------------------------------
12, 106, 127, 128, 176, 428, 481, 522, 548, 558, 583, 

Captain-----------------------------------------------------------------
583, 

Vice-Captain-----------------------------------------------------------------
548, 

Substitutes-----------------------------------------------------------------
520, 259, 352, 

Remaining budget-----------------------------------------------------------------
PREVIOUS GW: 4.9e+06
THIS GW: 600000

Sold-----------------------------------------------------------------
415, 484, 579, 606, 

Bought-----------------------------------------------------------------
428, 522, 558, 583, 

Number of illegal transfers--------------------------------------------------------------
3, 

-----------------------------------------------------------------
