Selected-----------------------------------------------------------------
12, 44, 104, 106, 176, 241, 259, 330, 352, 394, 455, 520, 548, 581, 584, 

Starting-----------------------------------------------------------------
44, 104, 106, 259, 330, 352, 394, 520, 548, 581, 584, 

Captain-----------------------------------------------------------------
520, 

Vice-Captain-----------------------------------------------------------------
581, 

Substitutes-----------------------------------------------------------------
455, 176, 241, 

Remaining budget-----------------------------------------------------------------
PREVIOUS GW: 1e+06
THIS GW: 1.5e+06

Sold-----------------------------------------------------------------
75, 363, 365, 577, 592, 

Bought-----------------------------------------------------------------
259, 352, 520, 548, 581, 

Number of illegal transfers--------------------------------------------------------------
4, 

-----------------------------------------------------------------
