Selected-----------------------------------------------------------------
12, 48, 104, 105, 106, 176, 271, 352, 397, 415, 481, 484, 579, 583, 606, 

Starting-----------------------------------------------------------------
12, 104, 105, 106, 271, 397, 415, 481, 484, 583, 606, 

Captain-----------------------------------------------------------------
481, 

Vice-Captain-----------------------------------------------------------------
415, 

Substitutes-----------------------------------------------------------------
176, 352, 579, 

Remaining budget-----------------------------------------------------------------
PREVIOUS GW: 700000
THIS GW: -4.04179e-09

Sold-----------------------------------------------------------------
211, 365, 428, 561, 

Bought-----------------------------------------------------------------
271, 415, 481, 606, 

Number of illegal transfers--------------------------------------------------------------
3, 

-----------------------------------------------------------------
