Selected-----------------------------------------------------------------
24, 52, 90, 104, 105, 127, 128, 352, 415, 481, 484, 520, 583, 606, 610, 

Starting-----------------------------------------------------------------
24, 104, 105, 127, 128, 415, 481, 484, 520, 583, 606, 

Captain-----------------------------------------------------------------
481, 

Vice-Captain-----------------------------------------------------------------
606, 

Substitutes-----------------------------------------------------------------
610, 352, 90, 

Remaining budget-----------------------------------------------------------------
PREVIOUS GW: 3e+06
THIS GW: 3.3e+06

Sold-----------------------------------------------------------------
12, 92, 428, 548, 

Bought-----------------------------------------------------------------
24, 128, 415, 606, 

Number of illegal transfers--------------------------------------------------------------
3, 

-----------------------------------------------------------------
