Selected-----------------------------------------------------------------
37, 52, 104, 106, 127, 128, 164, 300, 428, 481, 484, 520, 548, 606, 608, 

Starting-----------------------------------------------------------------
37, 104, 106, 127, 128, 164, 428, 481, 484, 606, 608, 

Captain-----------------------------------------------------------------
128, 

Vice-Captain-----------------------------------------------------------------
104, 

Substitutes-----------------------------------------------------------------
520, 548, 300, 

Remaining budget-----------------------------------------------------------------
PREVIOUS GW: 1.2e+06
THIS GW: 500000

Sold-----------------------------------------------------------------
89, 241, 558, 583, 

Bought-----------------------------------------------------------------
104, 128, 606, 608, 

Number of illegal transfers--------------------------------------------------------------
3, 

-----------------------------------------------------------------
