Selected-----------------------------------------------------------------
30, 48, 105, 125, 128, 186, 259, 300, 363, 399, 406, 481, 577, 584, 606, 

Starting-----------------------------------------------------------------
48, 125, 128, 186, 259, 300, 399, 481, 577, 584, 606, 

Captain-----------------------------------------------------------------
399, 

Vice-Captain-----------------------------------------------------------------
606, 

Substitutes-----------------------------------------------------------------
363, 406, 105, 

Remaining budget-----------------------------------------------------------------
PREVIOUS GW: 4.3e+06
THIS GW: 500000

Sold-----------------------------------------------------------------
104, 279, 519, 548, 

Bought-----------------------------------------------------------------
125, 399, 481, 577, 

Number of illegal transfers--------------------------------------------------------------
3, 

-----------------------------------------------------------------
