Selected-----------------------------------------------------------------
30, 44, 75, 103, 132, 164, 176, 365, 415, 428, 472, 495, 548, 557, 577, 

Starting-----------------------------------------------------------------
44, 75, 164, 176, 365, 415, 428, 495, 548, 557, 577, 

Captain-----------------------------------------------------------------
428, 

Vice-Captain-----------------------------------------------------------------
75, 

Substitutes-----------------------------------------------------------------
472, 132, 103, 

Remaining budget-----------------------------------------------------------------
PREVIOUS GW: 6.2e+06
THIS GW: 200000

Sold-----------------------------------------------------------------
12, 178, 229, 522, 536, 584, 608, 

Bought-----------------------------------------------------------------
44, 75, 164, 365, 415, 557, 577, 

Number of illegal transfers--------------------------------------------------------------
6, 

-----------------------------------------------------------------
