Selected-----------------------------------------------------------------
12, 32, 104, 213, 249, 259, 267, 330, 392, 399, 428, 520, 548, 552, 557, 

Starting-----------------------------------------------------------------
32, 104, 259, 267, 330, 392, 399, 428, 520, 548, 557, 

Captain-----------------------------------------------------------------
428, 

Vice-Captain-----------------------------------------------------------------
557, 

Substitutes-----------------------------------------------------------------
552, 249, 213, 

Remaining budget-----------------------------------------------------------------
PREVIOUS GW: 1.1e+06
THIS GW: 3.8e+06

Sold-----------------------------------------------------------------
25, 106, 271, 344, 352, 581, 606, 

Bought-----------------------------------------------------------------
32, 104, 267, 392, 428, 552, 557, 

Number of illegal transfers--------------------------------------------------------------
6, 

-----------------------------------------------------------------
