Selected-----------------------------------------------------------------
35, 52, 75, 89, 164, 198, 267, 365, 406, 428, 455, 512, 548, 577, 592, 

Starting-----------------------------------------------------------------
35, 75, 164, 198, 267, 365, 406, 428, 455, 512, 592, 

Captain-----------------------------------------------------------------
428, 

Vice-Captain-----------------------------------------------------------------
512, 

Substitutes-----------------------------------------------------------------
577, 548, 89, 

Remaining budget-----------------------------------------------------------------
PREVIOUS GW: 1.2e+06
THIS GW: 400000

Sold-----------------------------------------------------------------
54, 128, 131, 176, 186, 489, 495, 522, 584, 

Bought-----------------------------------------------------------------
35, 75, 164, 198, 267, 428, 455, 512, 592, 

Number of illegal transfers--------------------------------------------------------------
8, 

-----------------------------------------------------------------
