Selected-----------------------------------------------------------------
20, 30, 104, 128, 176, 186, 259, 335, 363, 394, 399, 481, 549, 584, 606, 

Starting-----------------------------------------------------------------
20, 128, 186, 259, 363, 394, 399, 481, 549, 584, 606, 

Captain-----------------------------------------------------------------
399, 

Vice-Captain-----------------------------------------------------------------
481, 

Substitutes-----------------------------------------------------------------
335, 176, 104, 

Remaining budget-----------------------------------------------------------------
PREVIOUS GW: 2.9e+06
THIS GW: 500000

Sold-----------------------------------------------------------------
24, 326, 428, 608, 

Bought-----------------------------------------------------------------
20, 394, 481, 606, 

Number of illegal transfers--------------------------------------------------------------
3, 

-----------------------------------------------------------------
