Selected-----------------------------------------------------------------
8, 22, 75, 79, 96, 121, 186, 282, 330, 400, 421, 429, 592, 599, 606, 

Starting-----------------------------------------------------------------
22, 75, 121, 186, 282, 330, 400, 421, 429, 592, 606, 

Captain-----------------------------------------------------------------
121, 

Vice-Captain-----------------------------------------------------------------
400, 

Substitutes-----------------------------------------------------------------
599, 96, 

Remaining budget-----------------------------------------------------------------
PREVIOUS GW: 300000
THIS GW: 1.3e+06

Sold-----------------------------------------------------------------
104, 184, 406, 415, 545, 551, 

Bought-----------------------------------------------------------------
121, 186, 421, 429, 592, 606, 

Number of illegal transfers--------------------------------------------------------------
5, 

-----------------------------------------------------------------
