Selected-----------------------------------------------------------------
20, 30, 121, 128, 186, 222, 259, 335, 363, 394, 399, 481, 549, 576, 584, 

Starting-----------------------------------------------------------------
20, 121, 186, 259, 363, 394, 399, 481, 549, 576, 584, 

Captain-----------------------------------------------------------------
481, 

Vice-Captain-----------------------------------------------------------------
394, 

Substitutes-----------------------------------------------------------------
128, 222, 335, 

Remaining budget-----------------------------------------------------------------
PREVIOUS GW: 3.8e+06
THIS GW: 6.2e+06

Sold-----------------------------------------------------------------
48, 127, 326, 428, 

Bought-----------------------------------------------------------------
20, 121, 394, 481, 

Number of illegal transfers--------------------------------------------------------------
3, 

-----------------------------------------------------------------
