Selected-----------------------------------------------------------------
9, 17, 79, 131, 203, 205, 252, 281, 330, 394, 481, 484, 549, 581, 584, 

Starting-----------------------------------------------------------------
9, 131, 203, 205, 281, 330, 394, 481, 484, 581, 584, 

Captain-----------------------------------------------------------------
330, 

Vice-Captain-----------------------------------------------------------------
131, 

Substitutes-----------------------------------------------------------------
549, 79, 252, 

Remaining budget-----------------------------------------------------------------
PREVIOUS GW: 4.7e+06
THIS GW: 500000

Sold-----------------------------------------------------------------
164, 186, 259, 386, 547, 

Bought-----------------------------------------------------------------
131, 203, 205, 330, 581, 

Number of illegal transfers--------------------------------------------------------------
4, 

-----------------------------------------------------------------
