Selected-----------------------------------------------------------------
12, 35, 131, 171, 203, 205, 252, 338, 350, 481, 484, 489, 557, 581, 584, 

Starting-----------------------------------------------------------------
35, 131, 171, 205, 338, 350, 484, 489, 557, 581, 584, 

Captain-----------------------------------------------------------------
131, 

Vice-Captain-----------------------------------------------------------------
350, 

Substitutes-----------------------------------------------------------------
481, 203, 252, 

Remaining budget-----------------------------------------------------------------
PREVIOUS GW: 6.9e+06
THIS GW: 4.6e+06

Sold-----------------------------------------------------------------
66, 259, 281, 549, 

Bought-----------------------------------------------------------------
35, 171, 338, 557, 

Number of illegal transfers--------------------------------------------------------------
3, 

-----------------------------------------------------------------
