Total expected points: 443.688
Selected-----------------------------------------------------------------
1
23
120
154
199
261
268
296
310
355
386
408
585
603
605
Starting-----------------------------------------------------------------
23
120
154
199
261
268
296
310
386
408
585
Captain-----------------------------------------------------------------
154
Vice-Captain-----------------------------------------------------------------
408
Remaining budget-----------------------------------------------------------------
1.69e+07
1.65e+07
Sold-----------------------------------------------------------------
252
394
521
Bought-----------------------------------------------------------------
154
310
386
Number of illegal transfers--------------------------------------------------------------
2
-----------------------------------------------------------------
