Selected-----------------------------------------------------------------
25, 30, 75, 89, 164, 167, 241, 365, 394, 397, 428, 455, 549, 557, 584, 

Starting-----------------------------------------------------------------
25, 75, 164, 167, 241, 365, 394, 428, 455, 557, 584, 

Captain-----------------------------------------------------------------
584, 

Vice-Captain-----------------------------------------------------------------
455, 

Substitutes-----------------------------------------------------------------
397, 89, 549, 

Remaining budget-----------------------------------------------------------------
PREVIOUS GW: 400000
THIS GW: 600000

Sold-----------------------------------------------------------------
12, 221, 415, 616, 

Bought-----------------------------------------------------------------
25, 241, 455, 584, 

Number of illegal transfers--------------------------------------------------------------
3, 

-----------------------------------------------------------------
