Selected-----------------------------------------------------------------
23, 48, 75, 92, 106, 164, 241, 330, 394, 455, 495, 520, 548, 581, 584, 

Starting-----------------------------------------------------------------
48, 92, 106, 164, 330, 394, 455, 520, 548, 581, 584, 

Captain-----------------------------------------------------------------
455, 

Vice-Captain-----------------------------------------------------------------
548, 

Substitutes-----------------------------------------------------------------
75, 241, 495, 

Remaining budget-----------------------------------------------------------------
PREVIOUS GW: 200000
THIS GW: 1.4e+06

Sold-----------------------------------------------------------------
12, 428, 557, 621, 

Bought-----------------------------------------------------------------
48, 520, 548, 581, 

Number of illegal transfers--------------------------------------------------------------
3, 

-----------------------------------------------------------------
