Selected-----------------------------------------------------------------
35, 48, 75, 131, 155, 164, 198, 365, 406, 415, 455, 512, 557, 577, 621, 

Starting-----------------------------------------------------------------
35, 75, 164, 198, 365, 406, 415, 455, 512, 557, 577, 

Captain-----------------------------------------------------------------
75, 

Vice-Captain-----------------------------------------------------------------
365, 

Substitutes-----------------------------------------------------------------
131, 155, 621, 

Remaining budget-----------------------------------------------------------------
PREVIOUS GW: 3.2e+06
THIS GW: 1.1e+06

Sold-----------------------------------------------------------------
37, 176, 259, 495, 522, 548, 584, 

Bought-----------------------------------------------------------------
35, 164, 198, 455, 512, 557, 577, 

Number of illegal transfers--------------------------------------------------------------
6, 

-----------------------------------------------------------------
