Selected-----------------------------------------------------------------
12, 54, 75, 92, 104, 106, 163, 330, 344, 363, 394, 412, 548, 577, 584, 

Starting-----------------------------------------------------------------
12, 104, 106, 163, 330, 344, 363, 394, 412, 548, 577, 

Captain-----------------------------------------------------------------
330, 

Vice-Captain-----------------------------------------------------------------
577, 

Substitutes-----------------------------------------------------------------
584, 75, 92, 

Remaining budget-----------------------------------------------------------------
PREVIOUS GW: 9.2e+06
THIS GW: 1.6e+06

Sold-----------------------------------------------------------------
213, 241, 335, 455, 551, 

Bought-----------------------------------------------------------------
104, 163, 363, 394, 577, 

Number of illegal transfers--------------------------------------------------------------
4, 

-----------------------------------------------------------------
