Selected-----------------------------------------------------------------
23, 58, 131, 177, 203, 205, 240, 281, 350, 481, 484, 489, 549, 577, 581, 

Starting-----------------------------------------------------------------
58, 131, 177, 205, 281, 350, 481, 484, 489, 549, 577, 

Captain-----------------------------------------------------------------
489, 

Vice-Captain-----------------------------------------------------------------
481, 

Substitutes-----------------------------------------------------------------
581, 203, 240, 

Remaining budget-----------------------------------------------------------------
PREVIOUS GW: 1.7e+06
THIS GW: 8.6e+06

Sold-----------------------------------------------------------------
54, 79, 330, 352, 394, 576, 584, 

Bought-----------------------------------------------------------------
58, 177, 281, 350, 484, 549, 577, 

Number of illegal transfers--------------------------------------------------------------
6, 

-----------------------------------------------------------------
