Selected-----------------------------------------------------------------
12, 48, 90, 104, 106, 158, 259, 363, 397, 399, 428, 520, 552, 557, 583, 

Starting-----------------------------------------------------------------
48, 104, 106, 158, 363, 397, 399, 428, 520, 557, 583, 

Captain-----------------------------------------------------------------
428, 

Vice-Captain-----------------------------------------------------------------
583, 

Substitutes-----------------------------------------------------------------
90, 552, 259, 

Remaining budget-----------------------------------------------------------------
PREVIOUS GW: 3.4e+06
THIS GW: 300000

Sold-----------------------------------------------------------------
210, 330, 352, 484, 548, 592, 

Bought-----------------------------------------------------------------
104, 363, 397, 399, 552, 583, 

Number of illegal transfers--------------------------------------------------------------
5, 

-----------------------------------------------------------------
