Selected-----------------------------------------------------------------
1, 54, 89, 128, 131, 176, 265, 365, 406, 489, 495, 522, 548, 577, 584, 

Starting-----------------------------------------------------------------
54, 128, 131, 176, 365, 406, 489, 495, 522, 548, 584, 

Captain-----------------------------------------------------------------
489, 

Vice-Captain-----------------------------------------------------------------
584, 

Substitutes-----------------------------------------------------------------
577, 89, 265, 

Remaining budget-----------------------------------------------------------------
PREVIOUS GW: 800000
THIS GW: 700000

Sold-----------------------------------------------------------------
37, 259, 415, 610, 

Bought-----------------------------------------------------------------
54, 128, 489, 548, 

Number of illegal transfers--------------------------------------------------------------
3, 

-----------------------------------------------------------------
