Selected-----------------------------------------------------------------
12, 20, 128, 131, 186, 252, 259, 330, 350, 402, 415, 481, 549, 576, 584, 

Starting-----------------------------------------------------------------
20, 128, 131, 186, 330, 350, 415, 481, 549, 576, 584, 

Captain-----------------------------------------------------------------
576, 

Vice-Captain-----------------------------------------------------------------
584, 

Substitutes-----------------------------------------------------------------
402, 252, 259, 

Remaining budget-----------------------------------------------------------------
PREVIOUS GW: 1.4e+06
THIS GW: 4.2e+06

Sold-----------------------------------------------------------------
24, 90, 363, 606, 

Bought-----------------------------------------------------------------
20, 131, 350, 576, 

Number of illegal transfers--------------------------------------------------------------
3, 

-----------------------------------------------------------------
