Selected-----------------------------------------------------------------
35, 52, 75, 89, 164, 198, 259, 365, 415, 428, 489, 512, 584, 592, 610, 

Starting-----------------------------------------------------------------
35, 75, 164, 198, 365, 415, 428, 489, 512, 584, 592, 

Captain-----------------------------------------------------------------
512, 

Vice-Captain-----------------------------------------------------------------
365, 

Substitutes-----------------------------------------------------------------
89, 259, 610, 

Remaining budget-----------------------------------------------------------------
PREVIOUS GW: 1.2e+06
THIS GW: 500000

Sold-----------------------------------------------------------------
37, 128, 176, 178, 495, 522, 583, 

Bought-----------------------------------------------------------------
35, 75, 164, 198, 428, 512, 592, 

Number of illegal transfers--------------------------------------------------------------
6, 

-----------------------------------------------------------------
