Selected-----------------------------------------------------------------
12, 24, 92, 104, 106, 127, 234, 300, 428, 481, 520, 536, 558, 598, 606, 

Starting-----------------------------------------------------------------
24, 92, 104, 127, 300, 428, 481, 520, 558, 598, 606, 

Captain-----------------------------------------------------------------
558, 

Vice-Captain-----------------------------------------------------------------
300, 

Substitutes-----------------------------------------------------------------
536, 106, 234, 

Remaining budget-----------------------------------------------------------------
PREVIOUS GW: 3.4e+06
THIS GW: 6.1e+06

Sold-----------------------------------------------------------------
90, 271, 415, 427, 548, 583, 

Bought-----------------------------------------------------------------
92, 104, 300, 428, 558, 598, 

Number of illegal transfers--------------------------------------------------------------
5, 

-----------------------------------------------------------------
