Selected-----------------------------------------------------------------
1, 48, 106, 127, 131, 171, 177, 330, 350, 406, 484, 489, 549, 576, 584, 

Starting-----------------------------------------------------------------
1, 106, 127, 131, 171, 177, 330, 406, 484, 549, 576, 

Captain-----------------------------------------------------------------
171, 

Vice-Captain-----------------------------------------------------------------
406, 

Substitutes-----------------------------------------------------------------
584, 350, 489, 

Remaining budget-----------------------------------------------------------------
PREVIOUS GW: 9.9e+06
THIS GW: 2e+06

Sold-----------------------------------------------------------------
30, 237, 252, 352, 

Bought-----------------------------------------------------------------
1, 106, 171, 406, 

Number of illegal transfers--------------------------------------------------------------
3, 

-----------------------------------------------------------------
