Selected-----------------------------------------------------------------
25, 48, 90, 104, 105, 259, 267, 397, 399, 428, 510, 520, 557, 579, 583, 

Starting-----------------------------------------------------------------
48, 90, 104, 105, 397, 399, 428, 510, 557, 579, 583, 

Captain-----------------------------------------------------------------
428, 

Vice-Captain-----------------------------------------------------------------
583, 

Substitutes-----------------------------------------------------------------
267, 520, 259, 

Remaining budget-----------------------------------------------------------------
PREVIOUS GW: 7.4e+06
THIS GW: 600000

Sold-----------------------------------------------------------------
210, 352, 484, 548, 561, 

Bought-----------------------------------------------------------------
105, 397, 399, 579, 583, 

Number of illegal transfers--------------------------------------------------------------
4, 

-----------------------------------------------------------------
