Selected-----------------------------------------------------------------
25, 35, 75, 92, 213, 241, 267, 308, 449, 455, 463, 512, 557, 584, 610, 

Starting-----------------------------------------------------------------
25, 75, 213, 241, 308, 449, 455, 463, 512, 557, 584, 

Captain-----------------------------------------------------------------
455, 

Vice-Captain-----------------------------------------------------------------
241, 

Substitutes-----------------------------------------------------------------
92, 267, 610, 

Remaining budget-----------------------------------------------------------------
PREVIOUS GW: 400000
THIS GW: 9.5e+06

Sold-----------------------------------------------------------------
52, 164, 198, 365, 428, 489, 

Bought-----------------------------------------------------------------
25, 213, 241, 449, 463, 512, 

Number of illegal transfers--------------------------------------------------------------
5, 

-----------------------------------------------------------------
