Selected-----------------------------------------------------------------
12, 30, 104, 132, 164, 176, 241, 330, 365, 394, 455, 512, 548, 557, 584, 

Starting-----------------------------------------------------------------
12, 104, 176, 241, 330, 394, 455, 512, 548, 557, 584, 

Captain-----------------------------------------------------------------
455, 

Vice-Captain-----------------------------------------------------------------
584, 

Substitutes-----------------------------------------------------------------
365, 164, 132, 

Remaining budget-----------------------------------------------------------------
PREVIOUS GW: 900000
THIS GW: 500000

Sold-----------------------------------------------------------------
75, 428, 551, 577, 

Bought-----------------------------------------------------------------
104, 330, 548, 584, 

Number of illegal transfers--------------------------------------------------------------
3, 

-----------------------------------------------------------------
