Selected-----------------------------------------------------------------
12, 23, 105, 106, 127, 259, 271, 415, 427, 481, 484, 536, 548, 583, 610, 

Starting-----------------------------------------------------------------
12, 106, 127, 271, 427, 481, 484, 536, 548, 583, 610, 

Captain-----------------------------------------------------------------
481, 

Vice-Captain-----------------------------------------------------------------
127, 

Substitutes-----------------------------------------------------------------
415, 259, 105, 

Remaining budget-----------------------------------------------------------------
PREVIOUS GW: 3.4e+06
THIS GW: 4.8e+06

Sold-----------------------------------------------------------------
167, 397, 579, 615, 

Bought-----------------------------------------------------------------
127, 536, 548, 610, 

Number of illegal transfers--------------------------------------------------------------
3, 

-----------------------------------------------------------------
