Selected-----------------------------------------------------------------
12, 24, 92, 104, 106, 127, 234, 300, 428, 481, 520, 536, 548, 558, 598, 

Starting-----------------------------------------------------------------
24, 92, 104, 127, 300, 428, 481, 520, 548, 558, 598, 

Captain-----------------------------------------------------------------
558, 

Vice-Captain-----------------------------------------------------------------
300, 

Substitutes-----------------------------------------------------------------
536, 106, 234, 

Remaining budget-----------------------------------------------------------------
PREVIOUS GW: 8.5e+06
THIS GW: 9e+06

Sold-----------------------------------------------------------------
90, 271, 484, 522, 583, 610, 

Bought-----------------------------------------------------------------
92, 104, 300, 428, 558, 598, 

Number of illegal transfers--------------------------------------------------------------
5, 

-----------------------------------------------------------------
