Selected-----------------------------------------------------------------
12, 20, 128, 131, 186, 252, 259, 330, 350, 352, 481, 531, 549, 581, 584, 

Starting-----------------------------------------------------------------
20, 131, 186, 252, 330, 350, 352, 481, 549, 581, 584, 

Captain-----------------------------------------------------------------
584, 

Vice-Captain-----------------------------------------------------------------
581, 

Substitutes-----------------------------------------------------------------
531, 128, 259, 

Remaining budget-----------------------------------------------------------------
PREVIOUS GW: 2.8e+06
THIS GW: 4.4e+06

Sold-----------------------------------------------------------------
24, 394, 402, 484, 606, 

Bought-----------------------------------------------------------------
20, 330, 350, 352, 581, 

Number of illegal transfers--------------------------------------------------------------
4, 

-----------------------------------------------------------------
