Selected-----------------------------------------------------------------
12, 24, 92, 104, 127, 128, 176, 300, 406, 415, 481, 484, 558, 598, 606, 

Starting-----------------------------------------------------------------
24, 104, 127, 128, 176, 406, 415, 481, 484, 598, 606, 

Captain-----------------------------------------------------------------
481, 

Vice-Captain-----------------------------------------------------------------
606, 

Substitutes-----------------------------------------------------------------
300, 558, 92, 

Remaining budget-----------------------------------------------------------------
PREVIOUS GW: 300000
THIS GW: 1.3e+06

Sold-----------------------------------------------------------------
18, 75, 271, 397, 428, 583, 

Bought-----------------------------------------------------------------
24, 128, 176, 406, 484, 606, 

Number of illegal transfers--------------------------------------------------------------
5, 

-----------------------------------------------------------------
