Selected-----------------------------------------------------------------
12, 30, 131, 154, 171, 186, 237, 338, 350, 394, 484, 489, 549, 557, 581, 

Starting-----------------------------------------------------------------
30, 131, 154, 171, 237, 394, 484, 489, 549, 557, 581, 

Captain-----------------------------------------------------------------
484, 

Vice-Captain-----------------------------------------------------------------
171, 

Substitutes-----------------------------------------------------------------
338, 186, 350, 

Remaining budget-----------------------------------------------------------------
PREVIOUS GW: 4.3e+06
THIS GW: 7.9e+06

Sold-----------------------------------------------------------------
24, 205, 252, 584, 

Bought-----------------------------------------------------------------
30, 154, 237, 549, 

Number of illegal transfers--------------------------------------------------------------
3, 

-----------------------------------------------------------------
