Selected-----------------------------------------------------------------
24, 30, 106, 128, 131, 205, 252, 330, 363, 394, 481, 484, 549, 581, 584, 

Starting-----------------------------------------------------------------
24, 131, 205, 252, 330, 394, 481, 484, 549, 581, 584, 

Captain-----------------------------------------------------------------
584, 

Vice-Captain-----------------------------------------------------------------
581, 

Substitutes-----------------------------------------------------------------
128, 363, 106, 

Remaining budget-----------------------------------------------------------------
PREVIOUS GW: 800000
THIS GW: 0

Sold-----------------------------------------------------------------
127, 259, 399, 606, 

Bought-----------------------------------------------------------------
131, 205, 330, 581, 

Number of illegal transfers--------------------------------------------------------------
3, 

-----------------------------------------------------------------
