Selected-----------------------------------------------------------------
12, 52, 89, 104, 163, 213, 259, 330, 363, 399, 428, 520, 548, 552, 557, 

Starting-----------------------------------------------------------------
12, 104, 163, 259, 330, 363, 399, 428, 520, 548, 557, 

Captain-----------------------------------------------------------------
428, 

Vice-Captain-----------------------------------------------------------------
330, 

Substitutes-----------------------------------------------------------------
552, 213, 89, 

Remaining budget-----------------------------------------------------------------
PREVIOUS GW: 200000
THIS GW: 2.3e+06

Sold-----------------------------------------------------------------
106, 352, 581, 584, 

Bought-----------------------------------------------------------------
163, 428, 552, 557, 

Number of illegal transfers--------------------------------------------------------------
3, 

-----------------------------------------------------------------
