Selected-----------------------------------------------------------------
12, 25, 75, 92, 106, 164, 241, 308, 330, 365, 412, 455, 557, 584, 610, 

Starting-----------------------------------------------------------------
12, 92, 106, 241, 308, 330, 365, 412, 455, 557, 584, 

Captain-----------------------------------------------------------------
330, 

Vice-Captain-----------------------------------------------------------------
106, 

Substitutes-----------------------------------------------------------------
75, 164, 610, 

Remaining budget-----------------------------------------------------------------
PREVIOUS GW: 6.5e+06
THIS GW: 3.7e+06

Sold-----------------------------------------------------------------
8, 267, 463, 512, 

Bought-----------------------------------------------------------------
12, 106, 330, 412, 

Number of illegal transfers--------------------------------------------------------------
3, 

-----------------------------------------------------------------
