Selected-----------------------------------------------------------------
24, 48, 104, 106, 128, 176, 186, 300, 363, 428, 520, 522, 548, 558, 606, 

Starting-----------------------------------------------------------------
48, 104, 106, 128, 176, 186, 363, 428, 522, 548, 606, 

Captain-----------------------------------------------------------------
363, 

Vice-Captain-----------------------------------------------------------------
186, 

Substitutes-----------------------------------------------------------------
558, 300, 520, 

Remaining budget-----------------------------------------------------------------
PREVIOUS GW: 6.1e+06
THIS GW: 2.4e+06

Sold-----------------------------------------------------------------
127, 352, 481, 484, 

Bought-----------------------------------------------------------------
186, 363, 428, 522, 

Number of illegal transfers--------------------------------------------------------------
3, 

-----------------------------------------------------------------
