Selected-----------------------------------------------------------------
9, 20, 121, 131, 186, 252, 259, 399, 402, 481, 484, 531, 547, 549, 584, 

Starting-----------------------------------------------------------------
9, 121, 131, 252, 402, 481, 484, 531, 547, 549, 584, 

Captain-----------------------------------------------------------------
549, 

Vice-Captain-----------------------------------------------------------------
481, 

Substitutes-----------------------------------------------------------------
399, 186, 259, 

Remaining budget-----------------------------------------------------------------
PREVIOUS GW: 5.5e+06
THIS GW: 1.12e+07

Sold-----------------------------------------------------------------
24, 125, 222, 335, 363, 606, 

Bought-----------------------------------------------------------------
9, 131, 252, 484, 531, 547, 

Number of illegal transfers--------------------------------------------------------------
5, 

-----------------------------------------------------------------
