Selected-----------------------------------------------------------------
25, 48, 104, 249, 259, 267, 271, 330, 344, 399, 428, 520, 548, 557, 577, 

Starting-----------------------------------------------------------------
48, 104, 259, 267, 330, 399, 428, 520, 548, 557, 577, 

Captain-----------------------------------------------------------------
428, 

Vice-Captain-----------------------------------------------------------------
557, 

Substitutes-----------------------------------------------------------------
249, 344, 271, 

Remaining budget-----------------------------------------------------------------
PREVIOUS GW: 2.8e+06
THIS GW: 100000

Sold-----------------------------------------------------------------
75, 106, 352, 581, 

Bought-----------------------------------------------------------------
104, 267, 428, 557, 

Number of illegal transfers--------------------------------------------------------------
3, 

-----------------------------------------------------------------
