Selected-----------------------------------------------------------------
25, 48, 105, 106, 176, 211, 241, 352, 363, 397, 428, 520, 557, 579, 583, 

Starting-----------------------------------------------------------------
48, 105, 106, 176, 352, 363, 397, 428, 557, 579, 583, 

Captain-----------------------------------------------------------------
105, 

Vice-Captain-----------------------------------------------------------------
397, 

Substitutes-----------------------------------------------------------------
241, 520, 211, 

Remaining budget-----------------------------------------------------------------
PREVIOUS GW: 1.5e+06
THIS GW: 2e+06

Sold-----------------------------------------------------------------
124, 484, 548, 606, 

Bought-----------------------------------------------------------------
105, 397, 579, 583, 

Number of illegal transfers--------------------------------------------------------------
3, 

-----------------------------------------------------------------
