Selected-----------------------------------------------------------------
15, 35, 75, 155, 164, 198, 212, 365, 406, 415, 495, 512, 557, 584, 621, 

Starting-----------------------------------------------------------------
35, 75, 164, 198, 365, 406, 415, 495, 512, 557, 584, 

Captain-----------------------------------------------------------------
75, 

Vice-Captain-----------------------------------------------------------------
365, 

Substitutes-----------------------------------------------------------------
155, 212, 621, 

Remaining budget-----------------------------------------------------------------
PREVIOUS GW: 4.4e+06
THIS GW: 600000

Sold-----------------------------------------------------------------
25, 176, 259, 522, 548, 

Bought-----------------------------------------------------------------
35, 164, 198, 512, 557, 

Number of illegal transfers--------------------------------------------------------------
4, 

-----------------------------------------------------------------
