Selected-----------------------------------------------------------------
37, 48, 92, 105, 127, 158, 271, 415, 427, 481, 484, 536, 583, 606, 610, 

Starting-----------------------------------------------------------------
37, 92, 127, 271, 427, 481, 484, 536, 583, 606, 610, 

Captain-----------------------------------------------------------------
481, 

Vice-Captain-----------------------------------------------------------------
127, 

Substitutes-----------------------------------------------------------------
415, 158, 105, 

Remaining budget-----------------------------------------------------------------
PREVIOUS GW: 2.6e+06
THIS GW: 1.4e+06

Sold-----------------------------------------------------------------
234, 397, 510, 615, 

Bought-----------------------------------------------------------------
127, 484, 536, 610, 

Number of illegal transfers--------------------------------------------------------------
3, 

-----------------------------------------------------------------
