Selected-----------------------------------------------------------------
9, 30, 128, 131, 164, 186, 252, 281, 352, 386, 481, 484, 547, 549, 584, 

Starting-----------------------------------------------------------------
9, 131, 186, 252, 281, 352, 481, 484, 547, 549, 584, 

Captain-----------------------------------------------------------------
252, 

Vice-Captain-----------------------------------------------------------------
481, 

Substitutes-----------------------------------------------------------------
164, 386, 128, 

Remaining budget-----------------------------------------------------------------
PREVIOUS GW: 4.6e+06
THIS GW: 9.1e+06

Sold-----------------------------------------------------------------
222, 399, 402, 606, 

Bought-----------------------------------------------------------------
131, 281, 484, 547, 

Number of illegal transfers--------------------------------------------------------------
3, 

-----------------------------------------------------------------
