Selected-----------------------------------------------------------------
12, 52, 106, 127, 158, 234, 271, 397, 415, 481, 484, 536, 548, 583, 610, 

Starting-----------------------------------------------------------------
12, 127, 234, 271, 415, 481, 484, 536, 548, 583, 610, 

Captain-----------------------------------------------------------------
481, 

Vice-Captain-----------------------------------------------------------------
127, 

Substitutes-----------------------------------------------------------------
397, 106, 158, 

Remaining budget-----------------------------------------------------------------
PREVIOUS GW: 1.8e+06
THIS GW: 5.5e+06

Sold-----------------------------------------------------------------
105, 352, 363, 579, 606, 

Bought-----------------------------------------------------------------
127, 484, 536, 548, 610, 

Number of illegal transfers--------------------------------------------------------------
4, 

-----------------------------------------------------------------
