Selected-----------------------------------------------------------------
17, 52, 125, 128, 176, 186, 259, 363, 399, 406, 481, 519, 577, 584, 606, 

Starting-----------------------------------------------------------------
17, 125, 128, 186, 259, 363, 399, 481, 577, 584, 606, 

Captain-----------------------------------------------------------------
399, 

Vice-Captain-----------------------------------------------------------------
606, 

Substitutes-----------------------------------------------------------------
176, 406, 519, 

Remaining budget-----------------------------------------------------------------
PREVIOUS GW: 4.1e+06
THIS GW: 600000

Sold-----------------------------------------------------------------
30, 104, 279, 598, 

Bought-----------------------------------------------------------------
17, 125, 399, 577, 

Number of illegal transfers--------------------------------------------------------------
3, 

-----------------------------------------------------------------
