Selected-----------------------------------------------------------------
12, 25, 75, 92, 106, 164, 241, 308, 330, 394, 412, 455, 548, 557, 584, 

Starting-----------------------------------------------------------------
12, 92, 106, 241, 308, 330, 394, 412, 455, 557, 584, 

Captain-----------------------------------------------------------------
330, 

Vice-Captain-----------------------------------------------------------------
106, 

Substitutes-----------------------------------------------------------------
75, 548, 164, 

Remaining budget-----------------------------------------------------------------
PREVIOUS GW: 6.8e+06
THIS GW: 2.4e+06

Sold-----------------------------------------------------------------
35, 167, 449, 463, 512, 

Bought-----------------------------------------------------------------
12, 106, 330, 394, 412, 

Number of illegal transfers--------------------------------------------------------------
4, 

-----------------------------------------------------------------
