Selected-----------------------------------------------------------------
1, 30, 106, 131, 154, 171, 256, 330, 338, 406, 484, 489, 549, 557, 581, 

Starting-----------------------------------------------------------------
1, 106, 131, 171, 256, 330, 406, 484, 549, 557, 581, 

Captain-----------------------------------------------------------------
1, 

Vice-Captain-----------------------------------------------------------------
106, 

Substitutes-----------------------------------------------------------------
154, 338, 489, 

Remaining budget-----------------------------------------------------------------
PREVIOUS GW: 4.1e+06
THIS GW: 700000

Sold-----------------------------------------------------------------
23, 186, 237, 394, 584, 

Bought-----------------------------------------------------------------
1, 106, 256, 406, 557, 

Number of illegal transfers--------------------------------------------------------------
4, 

-----------------------------------------------------------------
