Selected-----------------------------------------------------------------
12, 30, 75, 106, 132, 176, 241, 308, 330, 394, 399, 455, 548, 557, 577, 

Starting-----------------------------------------------------------------
12, 75, 106, 241, 330, 394, 399, 455, 548, 557, 577, 

Captain-----------------------------------------------------------------
330, 

Vice-Captain-----------------------------------------------------------------
557, 

Substitutes-----------------------------------------------------------------
308, 132, 176, 

Remaining budget-----------------------------------------------------------------
PREVIOUS GW: 900000
THIS GW: 1.1e+06

Sold-----------------------------------------------------------------
164, 344, 428, 584, 

Bought-----------------------------------------------------------------
106, 394, 399, 577, 

Number of illegal transfers--------------------------------------------------------------
3, 

-----------------------------------------------------------------
