Selected-----------------------------------------------------------------
12, 44, 104, 163, 213, 259, 267, 330, 352, 399, 428, 520, 548, 552, 557, 

Starting-----------------------------------------------------------------
44, 104, 163, 267, 330, 352, 399, 428, 520, 548, 557, 

Captain-----------------------------------------------------------------
428, 

Vice-Captain-----------------------------------------------------------------
330, 

Substitutes-----------------------------------------------------------------
259, 552, 213, 

Remaining budget-----------------------------------------------------------------
PREVIOUS GW: 600000
THIS GW: 2.4e+06

Sold-----------------------------------------------------------------
106, 455, 581, 584, 

Bought-----------------------------------------------------------------
163, 428, 552, 557, 

Number of illegal transfers--------------------------------------------------------------
3, 

-----------------------------------------------------------------
