Selected-----------------------------------------------------------------
18, 37, 92, 105, 106, 127, 259, 300, 352, 481, 484, 520, 548, 558, 598, 

Starting-----------------------------------------------------------------
18, 92, 106, 127, 300, 481, 484, 520, 548, 558, 598, 

Captain-----------------------------------------------------------------
558, 

Vice-Captain-----------------------------------------------------------------
300, 

Substitutes-----------------------------------------------------------------
352, 105, 259, 

Remaining budget-----------------------------------------------------------------
PREVIOUS GW: 3.1e+06
THIS GW: 1.17e+07

Sold-----------------------------------------------------------------
271, 397, 415, 583, 610, 

Bought-----------------------------------------------------------------
92, 300, 520, 558, 598, 

Number of illegal transfers--------------------------------------------------------------
4, 

-----------------------------------------------------------------
