Selected-----------------------------------------------------------------
12, 48, 90, 104, 105, 234, 271, 397, 415, 481, 484, 520, 557, 579, 583, 

Starting-----------------------------------------------------------------
48, 90, 105, 234, 271, 397, 415, 481, 484, 520, 583, 

Captain-----------------------------------------------------------------
481, 

Vice-Captain-----------------------------------------------------------------
484, 

Substitutes-----------------------------------------------------------------
104, 579, 557, 

Remaining budget-----------------------------------------------------------------
PREVIOUS GW: 500000
THIS GW: 1.6e+06

Sold-----------------------------------------------------------------
167, 241, 352, 399, 428, 

Bought-----------------------------------------------------------------
234, 271, 415, 481, 484, 

Number of illegal transfers--------------------------------------------------------------
4, 

-----------------------------------------------------------------
