Selected-----------------------------------------------------------------
52, 54, 75, 89, 164, 198, 259, 365, 415, 428, 489, 512, 584, 610, 616, 

Starting-----------------------------------------------------------------
54, 75, 164, 198, 365, 415, 428, 489, 512, 584, 616, 

Captain-----------------------------------------------------------------
428, 

Vice-Captain-----------------------------------------------------------------
512, 

Substitutes-----------------------------------------------------------------
89, 259, 610, 

Remaining budget-----------------------------------------------------------------
PREVIOUS GW: 3.2e+06
THIS GW: 200000

Sold-----------------------------------------------------------------
128, 186, 472, 495, 522, 583, 

Bought-----------------------------------------------------------------
164, 198, 365, 428, 512, 616, 

Number of illegal transfers--------------------------------------------------------------
5, 

-----------------------------------------------------------------
