Selected-----------------------------------------------------------------
24, 48, 104, 106, 127, 128, 176, 397, 481, 484, 520, 536, 583, 598, 606, 

Starting-----------------------------------------------------------------
24, 104, 106, 127, 128, 176, 481, 484, 520, 598, 606, 

Captain-----------------------------------------------------------------
481, 

Vice-Captain-----------------------------------------------------------------
128, 

Substitutes-----------------------------------------------------------------
583, 536, 397, 

Remaining budget-----------------------------------------------------------------
PREVIOUS GW: 300000
THIS GW: 1.9e+06

Sold-----------------------------------------------------------------
12, 75, 92, 241, 428, 558, 

Bought-----------------------------------------------------------------
24, 106, 128, 176, 520, 606, 

Number of illegal transfers--------------------------------------------------------------
5, 

-----------------------------------------------------------------
