Selected-----------------------------------------------------------------
12, 48, 104, 105, 106, 167, 211, 352, 397, 428, 484, 510, 561, 579, 583, 

Starting-----------------------------------------------------------------
12, 104, 105, 106, 167, 352, 397, 428, 484, 579, 583, 

Captain-----------------------------------------------------------------
105, 

Vice-Captain-----------------------------------------------------------------
397, 

Substitutes-----------------------------------------------------------------
561, 510, 211, 

Remaining budget-----------------------------------------------------------------
PREVIOUS GW: 2.4e+06
THIS GW: 3.9e+06

Sold-----------------------------------------------------------------
176, 267, 520, 557, 606, 

Bought-----------------------------------------------------------------
105, 167, 397, 579, 583, 

Number of illegal transfers--------------------------------------------------------------
4, 

-----------------------------------------------------------------
