Selected-----------------------------------------------------------------
44, 48, 90, 104, 105, 106, 167, 352, 397, 428, 484, 510, 561, 579, 583, 

Starting-----------------------------------------------------------------
44, 104, 105, 106, 167, 352, 397, 428, 484, 579, 583, 

Captain-----------------------------------------------------------------
105, 

Vice-Captain-----------------------------------------------------------------
397, 

Substitutes-----------------------------------------------------------------
90, 561, 510, 

Remaining budget-----------------------------------------------------------------
PREVIOUS GW: 5.4e+06
THIS GW: 3.1e+06

Sold-----------------------------------------------------------------
124, 211, 259, 520, 557, 606, 

Bought-----------------------------------------------------------------
105, 106, 167, 397, 579, 583, 

Number of illegal transfers--------------------------------------------------------------
5, 

-----------------------------------------------------------------
