Selected-----------------------------------------------------------------
24, 48, 90, 105, 106, 127, 234, 415, 481, 484, 520, 536, 548, 583, 607, 

Starting-----------------------------------------------------------------
24, 106, 127, 234, 415, 481, 484, 520, 536, 548, 583, 

Captain-----------------------------------------------------------------
481, 

Vice-Captain-----------------------------------------------------------------
583, 

Substitutes-----------------------------------------------------------------
90, 105, 607, 

Remaining budget-----------------------------------------------------------------
PREVIOUS GW: 5.1e+06
THIS GW: 6.6e+06

Sold-----------------------------------------------------------------
25, 104, 397, 579, 

Bought-----------------------------------------------------------------
24, 127, 536, 548, 

Number of illegal transfers--------------------------------------------------------------
3, 

-----------------------------------------------------------------
