Selected-----------------------------------------------------------------
18, 37, 105, 106, 176, 211, 213, 344, 397, 428, 484, 510, 561, 579, 583, 

Starting-----------------------------------------------------------------
18, 105, 106, 176, 344, 397, 428, 484, 561, 579, 583, 

Captain-----------------------------------------------------------------
105, 

Vice-Captain-----------------------------------------------------------------
397, 

Substitutes-----------------------------------------------------------------
510, 213, 211, 

Remaining budget-----------------------------------------------------------------
PREVIOUS GW: 1.8e+06
THIS GW: 2.2e+06

Sold-----------------------------------------------------------------
259, 520, 557, 606, 

Bought-----------------------------------------------------------------
105, 397, 579, 583, 

Number of illegal transfers--------------------------------------------------------------
3, 

-----------------------------------------------------------------
