Selected-----------------------------------------------------------------
12, 25, 92, 106, 213, 241, 271, 308, 330, 394, 412, 455, 557, 584, 592, 

Starting-----------------------------------------------------------------
12, 92, 106, 241, 271, 308, 330, 394, 412, 455, 557, 

Captain-----------------------------------------------------------------
330, 

Vice-Captain-----------------------------------------------------------------
106, 

Substitutes-----------------------------------------------------------------
584, 213, 592, 

Remaining budget-----------------------------------------------------------------
PREVIOUS GW: 7.6e+06
THIS GW: 6e+06

Sold-----------------------------------------------------------------
35, 75, 164, 267, 449, 463, 512, 

Bought-----------------------------------------------------------------
12, 92, 106, 271, 330, 394, 412, 

Number of illegal transfers--------------------------------------------------------------
6, 

-----------------------------------------------------------------
