Selected-----------------------------------------------------------------
12, 54, 104, 106, 164, 213, 259, 330, 352, 363, 394, 520, 548, 577, 606, 

Starting-----------------------------------------------------------------
54, 104, 106, 259, 330, 352, 363, 520, 548, 577, 606, 

Captain-----------------------------------------------------------------
520, 

Vice-Captain-----------------------------------------------------------------
606, 

Substitutes-----------------------------------------------------------------
394, 164, 213, 

Remaining budget-----------------------------------------------------------------
PREVIOUS GW: 1.6e+06
THIS GW: 700000

Sold-----------------------------------------------------------------
241, 412, 455, 584, 

Bought-----------------------------------------------------------------
259, 352, 520, 606, 

Number of illegal transfers--------------------------------------------------------------
3, 

-----------------------------------------------------------------
