Selected-----------------------------------------------------------------
25, 52, 104, 105, 178, 237, 241, 352, 399, 428, 484, 520, 557, 577, 592, 

Starting-----------------------------------------------------------------
25, 104, 105, 241, 352, 399, 428, 484, 520, 557, 577, 

Captain-----------------------------------------------------------------
428, 

Vice-Captain-----------------------------------------------------------------
399, 

Substitutes-----------------------------------------------------------------
592, 237, 178, 

Remaining budget-----------------------------------------------------------------
PREVIOUS GW: 5.5e+06
THIS GW: 100000

Sold-----------------------------------------------------------------
75, 176, 330, 455, 

Bought-----------------------------------------------------------------
104, 105, 399, 428, 

Number of illegal transfers--------------------------------------------------------------
3, 

-----------------------------------------------------------------
