Selected-----------------------------------------------------------------
24, 44, 104, 128, 176, 186, 259, 363, 428, 481, 519, 536, 598, 606, 608, 

Starting-----------------------------------------------------------------
24, 104, 128, 176, 259, 363, 481, 519, 598, 606, 608, 

Captain-----------------------------------------------------------------
606, 

Vice-Captain-----------------------------------------------------------------
363, 

Substitutes-----------------------------------------------------------------
428, 186, 536, 

Remaining budget-----------------------------------------------------------------
PREVIOUS GW: 1.9e+06
THIS GW: 5.5e+06

Sold-----------------------------------------------------------------
106, 127, 583, 584, 

Bought-----------------------------------------------------------------
176, 259, 606, 608, 

Number of illegal transfers--------------------------------------------------------------
3, 

-----------------------------------------------------------------
