Selected-----------------------------------------------------------------
12, 48, 92, 106, 127, 261, 271, 300, 481, 484, 520, 536, 548, 558, 598, 

Starting-----------------------------------------------------------------
48, 92, 106, 127, 300, 481, 484, 520, 548, 558, 598, 

Captain-----------------------------------------------------------------
558, 

Vice-Captain-----------------------------------------------------------------
300, 

Substitutes-----------------------------------------------------------------
536, 261, 271, 

Remaining budget-----------------------------------------------------------------
PREVIOUS GW: 8.1e+06
THIS GW: 1.67e+07

Sold-----------------------------------------------------------------
90, 397, 427, 583, 610, 

Bought-----------------------------------------------------------------
92, 300, 520, 558, 598, 

Number of illegal transfers--------------------------------------------------------------
4, 

-----------------------------------------------------------------
