Selected-----------------------------------------------------------------
12, 48, 104, 106, 164, 249, 259, 352, 399, 428, 484, 520, 552, 557, 583, 

Starting-----------------------------------------------------------------
48, 104, 106, 164, 352, 399, 428, 484, 520, 557, 583, 

Captain-----------------------------------------------------------------
428, 

Vice-Captain-----------------------------------------------------------------
583, 

Substitutes-----------------------------------------------------------------
552, 249, 259, 

Remaining budget-----------------------------------------------------------------
PREVIOUS GW: 600000
THIS GW: 200000

Sold-----------------------------------------------------------------
89, 330, 548, 577, 

Bought-----------------------------------------------------------------
104, 399, 552, 583, 

Number of illegal transfers--------------------------------------------------------------
3, 

-----------------------------------------------------------------
