Selected-----------------------------------------------------------------
48, 52, 104, 241, 249, 259, 271, 330, 363, 399, 428, 455, 557, 577, 592, 

Starting-----------------------------------------------------------------
48, 104, 241, 249, 330, 363, 399, 428, 557, 577, 592, 

Captain-----------------------------------------------------------------
330, 

Vice-Captain-----------------------------------------------------------------
428, 

Substitutes-----------------------------------------------------------------
259, 455, 271, 

Remaining budget-----------------------------------------------------------------
PREVIOUS GW: 8e+06
THIS GW: 600000

Sold-----------------------------------------------------------------
75, 164, 352, 512, 520, 548, 

Bought-----------------------------------------------------------------
104, 249, 363, 399, 428, 592, 

Number of illegal transfers--------------------------------------------------------------
5, 

-----------------------------------------------------------------
