Selected-----------------------------------------------------------------
12, 54, 106, 164, 176, 213, 241, 308, 330, 365, 412, 455, 551, 557, 584, 

Starting-----------------------------------------------------------------
12, 106, 213, 241, 308, 330, 365, 412, 455, 557, 584, 

Captain-----------------------------------------------------------------
330, 

Vice-Captain-----------------------------------------------------------------
106, 

Substitutes-----------------------------------------------------------------
551, 176, 164, 

Remaining budget-----------------------------------------------------------------
PREVIOUS GW: 5.7e+06
THIS GW: 3.6e+06

Sold-----------------------------------------------------------------
1, 267, 463, 512, 

Bought-----------------------------------------------------------------
12, 106, 330, 412, 

Number of illegal transfers--------------------------------------------------------------
3, 

-----------------------------------------------------------------
