Selected-----------------------------------------------------------------
52, 54, 89, 128, 176, 186, 265, 428, 472, 489, 495, 522, 583, 584, 610, 

Starting-----------------------------------------------------------------
54, 89, 128, 176, 428, 472, 489, 495, 522, 583, 584, 

Captain-----------------------------------------------------------------
489, 

Vice-Captain-----------------------------------------------------------------
584, 

Substitutes-----------------------------------------------------------------
186, 610, 265, 

Remaining budget-----------------------------------------------------------------
PREVIOUS GW: 0
THIS GW: 1.1e+06

Sold-----------------------------------------------------------------
37, 183, 259, 415, 557, 

Bought-----------------------------------------------------------------
54, 128, 176, 489, 584, 

Number of illegal transfers--------------------------------------------------------------
4, 

-----------------------------------------------------------------
