Selected-----------------------------------------------------------------
9, 12, 131, 186, 205, 252, 259, 330, 363, 394, 481, 484, 549, 581, 584, 

Starting-----------------------------------------------------------------
12, 131, 205, 259, 330, 394, 481, 484, 549, 581, 584, 

Captain-----------------------------------------------------------------
330, 

Vice-Captain-----------------------------------------------------------------
131, 

Substitutes-----------------------------------------------------------------
252, 363, 186, 

Remaining budget-----------------------------------------------------------------
PREVIOUS GW: 7.9e+06
THIS GW: 2e+06

Sold-----------------------------------------------------------------
127, 128, 399, 547, 

Bought-----------------------------------------------------------------
131, 205, 330, 581, 

Number of illegal transfers--------------------------------------------------------------
3, 

-----------------------------------------------------------------
