Selected-----------------------------------------------------------------
15, 35, 75, 131, 164, 198, 212, 365, 406, 415, 495, 512, 548, 577, 584, 

Starting-----------------------------------------------------------------
35, 75, 164, 198, 365, 406, 415, 495, 512, 577, 584, 

Captain-----------------------------------------------------------------
75, 

Vice-Captain-----------------------------------------------------------------
365, 

Substitutes-----------------------------------------------------------------
548, 131, 212, 

Remaining budget-----------------------------------------------------------------
PREVIOUS GW: 5.5e+06
THIS GW: 0

Sold-----------------------------------------------------------------
25, 155, 176, 259, 522, 536, 576, 

Bought-----------------------------------------------------------------
35, 75, 164, 198, 406, 512, 577, 

Number of illegal transfers--------------------------------------------------------------
6, 

-----------------------------------------------------------------
