Selected-----------------------------------------------------------------
18, 52, 104, 106, 127, 128, 176, 397, 415, 481, 484, 522, 583, 592, 610, 

Starting-----------------------------------------------------------------
18, 104, 106, 127, 128, 176, 415, 481, 484, 583, 610, 

Captain-----------------------------------------------------------------
481, 

Vice-Captain-----------------------------------------------------------------
484, 

Substitutes-----------------------------------------------------------------
397, 522, 592, 

Remaining budget-----------------------------------------------------------------
PREVIOUS GW: 1.2e+06
THIS GW: 1.2e+06

Sold-----------------------------------------------------------------
90, 92, 96, 428, 

Bought-----------------------------------------------------------------
106, 128, 176, 415, 

Number of illegal transfers--------------------------------------------------------------
3, 

-----------------------------------------------------------------
