Selected-----------------------------------------------------------------
25, 58, 75, 104, 106, 241, 259, 330, 363, 394, 399, 455, 577, 584, 592, 

Starting-----------------------------------------------------------------
58, 75, 104, 106, 330, 363, 394, 399, 577, 584, 592, 

Captain-----------------------------------------------------------------
330, 

Vice-Captain-----------------------------------------------------------------
106, 

Substitutes-----------------------------------------------------------------
259, 241, 455, 

Remaining budget-----------------------------------------------------------------
PREVIOUS GW: 3.6e+06
THIS GW: 200000

Sold-----------------------------------------------------------------
35, 131, 308, 365, 512, 557, 

Bought-----------------------------------------------------------------
58, 104, 363, 394, 399, 577, 

Number of illegal transfers--------------------------------------------------------------
5, 

-----------------------------------------------------------------
