Selected-----------------------------------------------------------------
48, 58, 75, 90, 104, 176, 212, 352, 399, 428, 484, 520, 548, 557, 577, 

Starting-----------------------------------------------------------------
48, 90, 104, 212, 352, 399, 428, 484, 520, 548, 557, 

Captain-----------------------------------------------------------------
352, 

Vice-Captain-----------------------------------------------------------------
484, 

Substitutes-----------------------------------------------------------------
176, 577, 75, 

Remaining budget-----------------------------------------------------------------
PREVIOUS GW: 0
THIS GW: 1.2e+06

Sold-----------------------------------------------------------------
52, 136, 330, 455, 

Bought-----------------------------------------------------------------
48, 90, 352, 484, 

Number of illegal transfers--------------------------------------------------------------
3, 

-----------------------------------------------------------------
