Selected-----------------------------------------------------------------
12, 48, 90, 104, 105, 163, 211, 352, 363, 399, 428, 484, 557, 579, 607, 

Starting-----------------------------------------------------------------
48, 90, 104, 105, 363, 399, 428, 484, 557, 579, 607, 

Captain-----------------------------------------------------------------
428, 

Vice-Captain-----------------------------------------------------------------
399, 

Substitutes-----------------------------------------------------------------
352, 211, 163, 

Remaining budget-----------------------------------------------------------------
PREVIOUS GW: 2.8e+06
THIS GW: 2.7e+06

Sold-----------------------------------------------------------------
241, 520, 548, 606, 

Bought-----------------------------------------------------------------
105, 399, 579, 607, 

Number of illegal transfers--------------------------------------------------------------
3, 

-----------------------------------------------------------------
