Selected-----------------------------------------------------------------
48, 58, 104, 249, 259, 267, 271, 330, 392, 399, 428, 520, 548, 557, 577, 

Starting-----------------------------------------------------------------
48, 104, 259, 267, 330, 392, 399, 428, 520, 557, 577, 

Captain-----------------------------------------------------------------
428, 

Vice-Captain-----------------------------------------------------------------
557, 

Substitutes-----------------------------------------------------------------
548, 249, 271, 

Remaining budget-----------------------------------------------------------------
PREVIOUS GW: 800000
THIS GW: 400000

Sold-----------------------------------------------------------------
75, 106, 335, 352, 581, 

Bought-----------------------------------------------------------------
104, 267, 392, 428, 557, 

Number of illegal transfers--------------------------------------------------------------
4, 

-----------------------------------------------------------------
