Selected-----------------------------------------------------------------
24, 48, 104, 128, 176, 186, 259, 277, 363, 406, 481, 536, 598, 606, 608, 

Starting-----------------------------------------------------------------
48, 104, 128, 176, 259, 363, 406, 481, 598, 606, 608, 

Captain-----------------------------------------------------------------
606, 

Vice-Captain-----------------------------------------------------------------
363, 

Substitutes-----------------------------------------------------------------
186, 536, 277, 

Remaining budget-----------------------------------------------------------------
PREVIOUS GW: 500000
THIS GW: 5.4e+06

Sold-----------------------------------------------------------------
127, 428, 583, 584, 

Bought-----------------------------------------------------------------
259, 406, 606, 608, 

Number of illegal transfers--------------------------------------------------------------
3, 

-----------------------------------------------------------------
