Selected-----------------------------------------------------------------
30, 54, 108, 128, 176, 186, 259, 279, 330, 363, 399, 519, 584, 606, 608, 

Starting-----------------------------------------------------------------
54, 128, 176, 259, 330, 363, 399, 519, 584, 606, 608, 

Captain-----------------------------------------------------------------
259, 

Vice-Captain-----------------------------------------------------------------
606, 

Substitutes-----------------------------------------------------------------
279, 186, 108, 

Remaining budget-----------------------------------------------------------------
PREVIOUS GW: 4.1e+06
THIS GW: 100000

Sold-----------------------------------------------------------------
24, 106, 406, 549, 

Bought-----------------------------------------------------------------
54, 259, 399, 606, 

Number of illegal transfers--------------------------------------------------------------
3, 

-----------------------------------------------------------------
