Selected-----------------------------------------------------------------
18, 37, 75, 89, 164, 198, 267, 415, 428, 489, 495, 512, 557, 592, 610, 

Starting-----------------------------------------------------------------
18, 75, 164, 198, 267, 415, 428, 489, 512, 557, 592, 

Captain-----------------------------------------------------------------
428, 

Vice-Captain-----------------------------------------------------------------
512, 

Substitutes-----------------------------------------------------------------
495, 89, 610, 

Remaining budget-----------------------------------------------------------------
PREVIOUS GW: 2.8e+06
THIS GW: 100000

Sold-----------------------------------------------------------------
128, 176, 186, 259, 314, 522, 584, 

Bought-----------------------------------------------------------------
75, 164, 198, 267, 428, 512, 592, 

Number of illegal transfers--------------------------------------------------------------
6, 

-----------------------------------------------------------------
