Selected-----------------------------------------------------------------
30, 54, 75, 132, 164, 241, 267, 365, 455, 489, 495, 512, 557, 577, 584, 

Starting-----------------------------------------------------------------
54, 75, 241, 267, 365, 455, 489, 495, 512, 557, 584, 

Captain-----------------------------------------------------------------
584, 

Vice-Captain-----------------------------------------------------------------
455, 

Substitutes-----------------------------------------------------------------
577, 164, 132, 

Remaining budget-----------------------------------------------------------------
PREVIOUS GW: 700000
THIS GW: 4.2e+06

Sold-----------------------------------------------------------------
15, 221, 415, 428, 522, 551, 

Bought-----------------------------------------------------------------
54, 241, 455, 489, 512, 584, 

Number of illegal transfers--------------------------------------------------------------
5, 

-----------------------------------------------------------------
