Selected-----------------------------------------------------------------
17, 30, 125, 128, 176, 186, 259, 330, 399, 451, 481, 519, 577, 584, 606, 

Starting-----------------------------------------------------------------
17, 125, 128, 186, 330, 399, 451, 481, 577, 584, 606, 

Captain-----------------------------------------------------------------
399, 

Vice-Captain-----------------------------------------------------------------
606, 

Substitutes-----------------------------------------------------------------
259, 176, 519, 

Remaining budget-----------------------------------------------------------------
PREVIOUS GW: 400000
THIS GW: 800000

Sold-----------------------------------------------------------------
23, 108, 279, 363, 548, 

Bought-----------------------------------------------------------------
17, 125, 451, 481, 577, 

Number of illegal transfers--------------------------------------------------------------
4, 

-----------------------------------------------------------------
