Selected-----------------------------------------------------------------
12, 48, 104, 105, 106, 241, 267, 352, 397, 428, 484, 520, 561, 579, 583, 

Starting-----------------------------------------------------------------
12, 104, 105, 106, 241, 352, 397, 428, 484, 579, 583, 

Captain-----------------------------------------------------------------
105, 

Vice-Captain-----------------------------------------------------------------
397, 

Substitutes-----------------------------------------------------------------
267, 561, 520, 

Remaining budget-----------------------------------------------------------------
PREVIOUS GW: 5.1e+06
THIS GW: 2.9e+06

Sold-----------------------------------------------------------------
92, 211, 519, 557, 606, 

Bought-----------------------------------------------------------------
105, 106, 397, 579, 583, 

Number of illegal transfers--------------------------------------------------------------
4, 

-----------------------------------------------------------------
