Selected-----------------------------------------------------------------
12, 66, 104, 105, 106, 211, 271, 397, 415, 427, 481, 484, 561, 579, 583, 

Starting-----------------------------------------------------------------
66, 104, 105, 106, 271, 397, 415, 427, 481, 484, 583, 

Captain-----------------------------------------------------------------
481, 

Vice-Captain-----------------------------------------------------------------
415, 

Substitutes-----------------------------------------------------------------
579, 561, 211, 

Remaining budget-----------------------------------------------------------------
PREVIOUS GW: 100000
THIS GW: 2.3e+06

Sold-----------------------------------------------------------------
54, 259, 352, 428, 

Bought-----------------------------------------------------------------
66, 271, 415, 481, 

Number of illegal transfers--------------------------------------------------------------
3, 

-----------------------------------------------------------------
