Selected-----------------------------------------------------------------
12, 48, 105, 106, 158, 241, 271, 397, 415, 427, 481, 519, 583, 606, 615, 

Starting-----------------------------------------------------------------
12, 106, 158, 271, 397, 415, 427, 481, 583, 606, 615, 

Captain-----------------------------------------------------------------
481, 

Vice-Captain-----------------------------------------------------------------
415, 

Substitutes-----------------------------------------------------------------
105, 519, 241, 

Remaining budget-----------------------------------------------------------------
PREVIOUS GW: 3e+06
THIS GW: 3e+06

Sold-----------------------------------------------------------------
211, 428, 484, 561, 

Bought-----------------------------------------------------------------
271, 415, 481, 606, 

Number of illegal transfers--------------------------------------------------------------
3, 

-----------------------------------------------------------------
