Selected-----------------------------------------------------------------
31, 50, 68, 104, 157, 232, 269, 330, 386, 452, 481, 489, 570, 581, 603, 

Starting-----------------------------------------------------------------
31, 68, 104, 232, 330, 386, 452, 481, 489, 581, 603, 

Captain-----------------------------------------------------------------
581, 

Vice-Captain-----------------------------------------------------------------
330, 

Substitutes-----------------------------------------------------------------
269, 570, 157, 

Remaining budget-----------------------------------------------------------------
PREVIOUS GW: 300000
THIS GW: 800000

Sold-----------------------------------------------------------------
105, 523, 531, 606, 

Bought-----------------------------------------------------------------
232, 330, 452, 581, 

Number of illegal transfers--------------------------------------------------------------
3, 

-----------------------------------------------------------------
