Selected-----------------------------------------------------------------
12, 23, 104, 105, 106, 167, 241, 352, 397, 481, 484, 520, 583, 606, 607, 

Starting-----------------------------------------------------------------
23, 104, 105, 106, 352, 397, 481, 484, 520, 583, 606, 

Captain-----------------------------------------------------------------
520, 

Vice-Captain-----------------------------------------------------------------
484, 

Substitutes-----------------------------------------------------------------
167, 607, 241, 

Remaining budget-----------------------------------------------------------------
PREVIOUS GW: 100000
THIS GW: 2e+06

Sold-----------------------------------------------------------------
363, 399, 428, 592, 

Bought-----------------------------------------------------------------
481, 484, 520, 606, 

Number of illegal transfers--------------------------------------------------------------
3, 

-----------------------------------------------------------------
