Selected-----------------------------------------------------------------
30, 48, 104, 127, 128, 176, 186, 363, 427, 481, 484, 520, 548, 584, 606, 

Starting-----------------------------------------------------------------
30, 104, 127, 128, 176, 186, 363, 481, 484, 584, 606, 

Captain-----------------------------------------------------------------
128, 

Vice-Captain-----------------------------------------------------------------
104, 

Substitutes-----------------------------------------------------------------
548, 427, 520, 

Remaining budget-----------------------------------------------------------------
PREVIOUS GW: 5e+06
THIS GW: 700000

Sold-----------------------------------------------------------------
12, 75, 558, 607, 

Bought-----------------------------------------------------------------
30, 186, 584, 606, 

Number of illegal transfers--------------------------------------------------------------
3, 

-----------------------------------------------------------------
