Selected-----------------------------------------------------------------
25, 48, 90, 104, 105, 158, 241, 352, 397, 428, 484, 510, 557, 579, 583, 

Starting-----------------------------------------------------------------
48, 104, 105, 158, 352, 397, 428, 484, 557, 579, 583, 

Captain-----------------------------------------------------------------
428, 

Vice-Captain-----------------------------------------------------------------
583, 

Substitutes-----------------------------------------------------------------
90, 510, 241, 

Remaining budget-----------------------------------------------------------------
PREVIOUS GW: 7.7e+06
THIS GW: 1.8e+06

Sold-----------------------------------------------------------------
259, 520, 548, 561, 

Bought-----------------------------------------------------------------
105, 397, 579, 583, 

Number of illegal transfers--------------------------------------------------------------
3, 

-----------------------------------------------------------------
