Selected-----------------------------------------------------------------
12, 48, 90, 92, 104, 163, 211, 352, 363, 428, 484, 520, 557, 561, 606, 

Starting-----------------------------------------------------------------
48, 90, 104, 211, 352, 428, 484, 520, 557, 561, 606, 

Captain-----------------------------------------------------------------
484, 

Vice-Captain-----------------------------------------------------------------
352, 

Substitutes-----------------------------------------------------------------
363, 92, 163, 

Remaining budget-----------------------------------------------------------------
PREVIOUS GW: 300000
THIS GW: 3.3e+06

Sold-----------------------------------------------------------------
23, 75, 330, 519, 548, 

Bought-----------------------------------------------------------------
48, 211, 352, 484, 561, 

Number of illegal transfers--------------------------------------------------------------
4, 

-----------------------------------------------------------------
