Selected-----------------------------------------------------------------
12, 48, 90, 104, 106, 127, 158, 352, 428, 481, 484, 520, 552, 583, 607, 

Starting-----------------------------------------------------------------
48, 90, 106, 127, 352, 428, 481, 484, 520, 583, 607, 

Captain-----------------------------------------------------------------
484, 

Vice-Captain-----------------------------------------------------------------
481, 

Substitutes-----------------------------------------------------------------
158, 104, 552, 

Remaining budget-----------------------------------------------------------------
PREVIOUS GW: 3.6e+06
THIS GW: 5.6e+06

Sold-----------------------------------------------------------------
167, 363, 397, 399, 

Bought-----------------------------------------------------------------
127, 352, 481, 484, 

Number of illegal transfers--------------------------------------------------------------
3, 

-----------------------------------------------------------------
