Selected-----------------------------------------------------------------
18, 23, 105, 127, 158, 167, 241, 352, 428, 481, 484, 520, 552, 583, 606, 

Starting-----------------------------------------------------------------
23, 105, 127, 158, 352, 428, 481, 484, 520, 583, 606, 

Captain-----------------------------------------------------------------
484, 

Vice-Captain-----------------------------------------------------------------
481, 

Substitutes-----------------------------------------------------------------
167, 552, 241, 

Remaining budget-----------------------------------------------------------------
PREVIOUS GW: 2.1e+06
THIS GW: 0

Sold-----------------------------------------------------------------
104, 363, 397, 399, 607, 

Bought-----------------------------------------------------------------
127, 481, 484, 520, 606, 

Number of illegal transfers--------------------------------------------------------------
4, 

-----------------------------------------------------------------
