Selected-----------------------------------------------------------------
16, 35, 75, 164, 198, 221, 259, 365, 406, 415, 455, 512, 557, 584, 610, 

Starting-----------------------------------------------------------------
35, 75, 164, 198, 365, 406, 415, 455, 512, 557, 584, 

Captain-----------------------------------------------------------------
75, 

Vice-Captain-----------------------------------------------------------------
365, 

Substitutes-----------------------------------------------------------------
259, 610, 221, 

Remaining budget-----------------------------------------------------------------
PREVIOUS GW: 5.1e+06
THIS GW: 0

Sold-----------------------------------------------------------------
37, 155, 176, 178, 495, 522, 536, 548, 

Bought-----------------------------------------------------------------
35, 75, 164, 198, 365, 455, 512, 557, 

Number of illegal transfers--------------------------------------------------------------
7, 

-----------------------------------------------------------------
