Selected-----------------------------------------------------------------
12, 52, 75, 106, 164, 178, 241, 365, 394, 428, 455, 495, 548, 557, 584, 

Starting-----------------------------------------------------------------
12, 75, 106, 164, 178, 365, 394, 428, 455, 557, 584, 

Captain-----------------------------------------------------------------
428, 

Vice-Captain-----------------------------------------------------------------
557, 

Substitutes-----------------------------------------------------------------
548, 495, 241, 

Remaining budget-----------------------------------------------------------------
PREVIOUS GW: 9.8e+06
THIS GW: 0

Sold-----------------------------------------------------------------
25, 176, 237, 259, 449, 481, 608, 

Bought-----------------------------------------------------------------
12, 75, 106, 164, 394, 428, 557, 

Number of illegal transfers--------------------------------------------------------------
6, 

-----------------------------------------------------------------
