Selected-----------------------------------------------------------------
12, 48, 106, 213, 249, 259, 271, 330, 335, 352, 428, 520, 548, 577, 581, 

Starting-----------------------------------------------------------------
48, 106, 249, 259, 330, 352, 428, 520, 548, 577, 581, 

Captain-----------------------------------------------------------------
520, 

Vice-Captain-----------------------------------------------------------------
581, 

Substitutes-----------------------------------------------------------------
335, 213, 271, 

Remaining budget-----------------------------------------------------------------
PREVIOUS GW: 0
THIS GW: 200000

Sold-----------------------------------------------------------------
241, 394, 399, 592, 

Bought-----------------------------------------------------------------
259, 352, 520, 581, 

Number of illegal transfers--------------------------------------------------------------
3, 

-----------------------------------------------------------------
