Selected-----------------------------------------------------------------
12, 52, 92, 104, 106, 127, 271, 300, 481, 484, 520, 536, 548, 558, 606, 

Starting-----------------------------------------------------------------
12, 92, 104, 127, 300, 481, 484, 520, 548, 558, 606, 

Captain-----------------------------------------------------------------
558, 

Vice-Captain-----------------------------------------------------------------
300, 

Substitutes-----------------------------------------------------------------
536, 106, 271, 

Remaining budget-----------------------------------------------------------------
PREVIOUS GW: 1.9e+06
THIS GW: 8.7e+06

Sold-----------------------------------------------------------------
241, 397, 415, 583, 

Bought-----------------------------------------------------------------
92, 300, 520, 558, 

Number of illegal transfers--------------------------------------------------------------
3, 

-----------------------------------------------------------------
