Selected-----------------------------------------------------------------
12, 16, 106, 213, 241, 249, 259, 330, 335, 352, 428, 520, 548, 577, 581, 

Starting-----------------------------------------------------------------
12, 106, 249, 259, 330, 352, 428, 520, 548, 577, 581, 

Captain-----------------------------------------------------------------
520, 

Vice-Captain-----------------------------------------------------------------
581, 

Substitutes-----------------------------------------------------------------
335, 213, 241, 

Remaining budget-----------------------------------------------------------------
PREVIOUS GW: 100000
THIS GW: 700000

Sold-----------------------------------------------------------------
271, 394, 399, 592, 

Bought-----------------------------------------------------------------
259, 352, 520, 581, 

Number of illegal transfers--------------------------------------------------------------
3, 

-----------------------------------------------------------------
