Selected-----------------------------------------------------------------
16, 48, 96, 104, 163, 213, 259, 330, 363, 399, 428, 520, 548, 552, 557, 

Starting-----------------------------------------------------------------
48, 96, 104, 163, 330, 363, 399, 428, 520, 548, 557, 

Captain-----------------------------------------------------------------
428, 

Vice-Captain-----------------------------------------------------------------
330, 

Substitutes-----------------------------------------------------------------
259, 552, 213, 

Remaining budget-----------------------------------------------------------------
PREVIOUS GW: 400000
THIS GW: 2.5e+06

Sold-----------------------------------------------------------------
106, 352, 581, 584, 

Bought-----------------------------------------------------------------
163, 428, 552, 557, 

Number of illegal transfers--------------------------------------------------------------
3, 

-----------------------------------------------------------------
