Selected-----------------------------------------------------------------
52, 54, 89, 128, 131, 176, 265, 365, 415, 489, 495, 522, 548, 583, 584, 

Starting-----------------------------------------------------------------
54, 128, 131, 176, 365, 489, 495, 522, 548, 583, 584, 

Captain-----------------------------------------------------------------
489, 

Vice-Captain-----------------------------------------------------------------
584, 

Substitutes-----------------------------------------------------------------
415, 265, 89, 

Remaining budget-----------------------------------------------------------------
PREVIOUS GW: 1.1e+06
THIS GW: 1.2e+06

Sold-----------------------------------------------------------------
37, 183, 259, 472, 557, 

Bought-----------------------------------------------------------------
54, 128, 176, 489, 548, 

Number of illegal transfers--------------------------------------------------------------
4, 

-----------------------------------------------------------------
