Selected-----------------------------------------------------------------
12, 18, 92, 96, 106, 137, 271, 300, 335, 416, 455, 520, 577, 592, 606, 

Starting-----------------------------------------------------------------
18, 92, 96, 106, 271, 300, 335, 416, 520, 577, 606, 

Captain-----------------------------------------------------------------
335, 

Vice-Captain-----------------------------------------------------------------
106, 

Substitutes-----------------------------------------------------------------
137, 455, 592, 

Remaining budget-----------------------------------------------------------------
PREVIOUS GW: 2.6e+06
THIS GW: 8e+06

Sold-----------------------------------------------------------------
104, 211, 330, 428, 

Bought-----------------------------------------------------------------
92, 106, 335, 416, 

Number of illegal transfers--------------------------------------------------------------
3, 

-----------------------------------------------------------------
