Selected-----------------------------------------------------------------
25, 48, 105, 106, 163, 211, 241, 352, 363, 397, 428, 484, 548, 579, 583, 

Starting-----------------------------------------------------------------
48, 105, 106, 241, 352, 363, 397, 428, 484, 579, 583, 

Captain-----------------------------------------------------------------
105, 

Vice-Captain-----------------------------------------------------------------
397, 

Substitutes-----------------------------------------------------------------
548, 211, 163, 

Remaining budget-----------------------------------------------------------------
PREVIOUS GW: 1.6e+06
THIS GW: 2.2e+06

Sold-----------------------------------------------------------------
124, 520, 557, 606, 

Bought-----------------------------------------------------------------
106, 397, 579, 583, 

Number of illegal transfers--------------------------------------------------------------
3, 

-----------------------------------------------------------------
