Selected-----------------------------------------------------------------
12, 48, 90, 105, 106, 211, 261, 352, 363, 397, 428, 484, 548, 557, 583, 

Starting-----------------------------------------------------------------
12, 90, 105, 106, 352, 363, 397, 428, 484, 557, 583, 

Captain-----------------------------------------------------------------
105, 

Vice-Captain-----------------------------------------------------------------
397, 

Substitutes-----------------------------------------------------------------
548, 261, 211, 

Remaining budget-----------------------------------------------------------------
PREVIOUS GW: 4.5e+06
THIS GW: 600000

Sold-----------------------------------------------------------------
89, 176, 520, 606, 

Bought-----------------------------------------------------------------
105, 106, 397, 583, 

Number of illegal transfers--------------------------------------------------------------
3, 

-----------------------------------------------------------------
