Selected-----------------------------------------------------------------
9, 12, 127, 128, 131, 252, 259, 363, 394, 399, 481, 484, 549, 584, 606, 

Starting-----------------------------------------------------------------
9, 131, 252, 259, 394, 399, 481, 484, 549, 584, 606, 

Captain-----------------------------------------------------------------
549, 

Vice-Captain-----------------------------------------------------------------
481, 

Substitutes-----------------------------------------------------------------
128, 363, 127, 

Remaining budget-----------------------------------------------------------------
PREVIOUS GW: 1e+06
THIS GW: 1.4e+06

Sold-----------------------------------------------------------------
17, 106, 125, 335, 

Bought-----------------------------------------------------------------
9, 131, 252, 484, 

Number of illegal transfers--------------------------------------------------------------
3, 

-----------------------------------------------------------------
