Selected-----------------------------------------------------------------
12, 44, 75, 164, 176, 241, 267, 308, 365, 428, 455, 512, 557, 584, 592, 

Starting-----------------------------------------------------------------
44, 176, 241, 267, 308, 365, 428, 455, 512, 584, 592, 

Captain-----------------------------------------------------------------
512, 

Vice-Captain-----------------------------------------------------------------
455, 

Substitutes-----------------------------------------------------------------
75, 164, 557, 

Remaining budget-----------------------------------------------------------------
PREVIOUS GW: 3.1e+06
THIS GW: 1.5e+06

Sold-----------------------------------------------------------------
92, 221, 522, 549, 577, 

Bought-----------------------------------------------------------------
241, 267, 512, 584, 592, 

Number of illegal transfers--------------------------------------------------------------
4, 

-----------------------------------------------------------------
