Selected-----------------------------------------------------------------
15, 35, 75, 96, 106, 164, 221, 365, 394, 455, 489, 520, 548, 557, 584, 

Starting-----------------------------------------------------------------
35, 96, 106, 164, 394, 455, 489, 520, 548, 557, 584, 

Captain-----------------------------------------------------------------
584, 

Vice-Captain-----------------------------------------------------------------
489, 

Substitutes-----------------------------------------------------------------
365, 75, 221, 

Remaining budget-----------------------------------------------------------------
PREVIOUS GW: 300000
THIS GW: 3.4e+06

Sold-----------------------------------------------------------------
12, 89, 330, 397, 

Bought-----------------------------------------------------------------
35, 96, 489, 520, 

Number of illegal transfers--------------------------------------------------------------
3, 

-----------------------------------------------------------------
