Selected-----------------------------------------------------------------
35, 48, 75, 106, 241, 249, 259, 330, 335, 394, 399, 428, 553, 577, 621, 

Starting-----------------------------------------------------------------
48, 75, 106, 249, 330, 335, 394, 399, 428, 553, 577, 

Captain-----------------------------------------------------------------
330, 

Vice-Captain-----------------------------------------------------------------
106, 

Substitutes-----------------------------------------------------------------
259, 241, 621, 

Remaining budget-----------------------------------------------------------------
PREVIOUS GW: 2.1e+06
THIS GW: 700000

Sold-----------------------------------------------------------------
164, 308, 455, 584, 

Bought-----------------------------------------------------------------
249, 394, 399, 553, 

Number of illegal transfers--------------------------------------------------------------
3, 

-----------------------------------------------------------------
