Selected-----------------------------------------------------------------
24, 33, 104, 127, 128, 176, 186, 363, 428, 481, 522, 536, 548, 558, 598, 

Starting-----------------------------------------------------------------
33, 104, 128, 186, 363, 428, 481, 536, 548, 558, 598, 

Captain-----------------------------------------------------------------
548, 

Vice-Captain-----------------------------------------------------------------
598, 

Substitutes-----------------------------------------------------------------
522, 127, 176, 

Remaining budget-----------------------------------------------------------------
PREVIOUS GW: 2.3e+06
THIS GW: 3.5e+06

Sold-----------------------------------------------------------------
106, 415, 484, 606, 

Bought-----------------------------------------------------------------
186, 363, 428, 548, 

Number of illegal transfers--------------------------------------------------------------
3, 

-----------------------------------------------------------------
