Selected-----------------------------------------------------------------
12, 24, 104, 106, 128, 176, 186, 300, 363, 406, 428, 522, 598, 606, 619, 

Starting-----------------------------------------------------------------
12, 104, 128, 176, 186, 363, 428, 522, 598, 606, 619, 

Captain-----------------------------------------------------------------
363, 

Vice-Captain-----------------------------------------------------------------
186, 

Substitutes-----------------------------------------------------------------
406, 106, 300, 

Remaining budget-----------------------------------------------------------------
PREVIOUS GW: 3.1e+06
THIS GW: 1.1e+06

Sold-----------------------------------------------------------------
66, 127, 481, 484, 520, 558, 

Bought-----------------------------------------------------------------
12, 186, 363, 428, 522, 619, 

Number of illegal transfers--------------------------------------------------------------
5, 

-----------------------------------------------------------------
