Selected-----------------------------------------------------------------
12, 54, 75, 92, 106, 164, 241, 330, 365, 394, 455, 495, 551, 557, 577, 

Starting-----------------------------------------------------------------
12, 75, 106, 164, 330, 365, 394, 455, 495, 557, 577, 

Captain-----------------------------------------------------------------
394, 

Vice-Captain-----------------------------------------------------------------
330, 

Substitutes-----------------------------------------------------------------
241, 92, 551, 

Remaining budget-----------------------------------------------------------------
PREVIOUS GW: 4.8e+06
THIS GW: 1.8e+06

Sold-----------------------------------------------------------------
176, 489, 512, 584, 

Bought-----------------------------------------------------------------
106, 330, 365, 577, 

Number of illegal transfers--------------------------------------------------------------
3, 

-----------------------------------------------------------------
