Selected-----------------------------------------------------------------
12, 15, 104, 106, 163, 213, 241, 330, 363, 394, 412, 455, 548, 558, 577, 

Starting-----------------------------------------------------------------
12, 104, 106, 163, 330, 363, 394, 412, 548, 558, 577, 

Captain-----------------------------------------------------------------
330, 

Vice-Captain-----------------------------------------------------------------
104, 

Substitutes-----------------------------------------------------------------
455, 241, 213, 

Remaining budget-----------------------------------------------------------------
PREVIOUS GW: 7.9e+06
THIS GW: 5.3e+06

Sold-----------------------------------------------------------------
271, 308, 584, 602, 

Bought-----------------------------------------------------------------
163, 363, 558, 577, 

Number of illegal transfers--------------------------------------------------------------
3, 

-----------------------------------------------------------------
