Selected-----------------------------------------------------------------
37, 48, 104, 105, 106, 167, 249, 352, 397, 428, 484, 510, 561, 579, 583, 

Starting-----------------------------------------------------------------
37, 104, 105, 106, 167, 352, 397, 428, 484, 579, 583, 

Captain-----------------------------------------------------------------
105, 

Vice-Captain-----------------------------------------------------------------
397, 

Substitutes-----------------------------------------------------------------
249, 561, 510, 

Remaining budget-----------------------------------------------------------------
PREVIOUS GW: 4.3e+06
THIS GW: 2e+06

Sold-----------------------------------------------------------------
23, 124, 176, 211, 520, 557, 606, 

Bought-----------------------------------------------------------------
37, 105, 106, 167, 397, 579, 583, 

Number of illegal transfers--------------------------------------------------------------
6, 

-----------------------------------------------------------------
