Selected-----------------------------------------------------------------
24, 48, 90, 104, 106, 127, 128, 277, 363, 481, 484, 522, 548, 558, 583, 

Starting-----------------------------------------------------------------
24, 104, 127, 128, 277, 363, 481, 522, 548, 558, 583, 

Captain-----------------------------------------------------------------
583, 

Vice-Captain-----------------------------------------------------------------
548, 

Substitutes-----------------------------------------------------------------
106, 484, 90, 

Remaining budget-----------------------------------------------------------------
PREVIOUS GW: 1.4e+06
THIS GW: 2.2e+06

Sold-----------------------------------------------------------------
397, 415, 552, 606, 

Bought-----------------------------------------------------------------
277, 363, 548, 558, 

Number of illegal transfers--------------------------------------------------------------
3, 

-----------------------------------------------------------------
