Selected-----------------------------------------------------------------
9, 17, 79, 131, 205, 252, 259, 281, 330, 394, 481, 484, 547, 581, 584, 

Starting-----------------------------------------------------------------
9, 79, 131, 205, 281, 330, 394, 481, 484, 581, 584, 

Captain-----------------------------------------------------------------
330, 

Vice-Captain-----------------------------------------------------------------
131, 

Substitutes-----------------------------------------------------------------
547, 259, 252, 

Remaining budget-----------------------------------------------------------------
PREVIOUS GW: 5.3e+06
THIS GW: 100000

Sold-----------------------------------------------------------------
164, 186, 386, 549, 

Bought-----------------------------------------------------------------
131, 205, 330, 581, 

Number of illegal transfers--------------------------------------------------------------
3, 

-----------------------------------------------------------------
