Selected-----------------------------------------------------------------
15, 48, 90, 104, 106, 167, 249, 352, 399, 428, 484, 520, 552, 557, 583, 

Starting-----------------------------------------------------------------
48, 104, 106, 167, 352, 399, 428, 484, 520, 557, 583, 

Captain-----------------------------------------------------------------
428, 

Vice-Captain-----------------------------------------------------------------
583, 

Substitutes-----------------------------------------------------------------
90, 249, 552, 

Remaining budget-----------------------------------------------------------------
PREVIOUS GW: 2.2e+06
THIS GW: 2e+06

Sold-----------------------------------------------------------------
259, 330, 548, 577, 

Bought-----------------------------------------------------------------
104, 399, 552, 583, 

Number of illegal transfers--------------------------------------------------------------
3, 

-----------------------------------------------------------------
