Selected-----------------------------------------------------------------
47, 48, 90, 222, 232, 266, 269, 300, 308, 399, 400, 463, 571, 577, 584, 

Starting-----------------------------------------------------------------
47, 90, 232, 266, 300, 308, 399, 400, 463, 571, 577, 

Captain-----------------------------------------------------------------
400, 

Vice-Captain-----------------------------------------------------------------
463, 

Substitutes-----------------------------------------------------------------
269, 584, 222, 

Remaining budget-----------------------------------------------------------------
PREVIOUS GW: 500000
THIS GW: 6.1e+06

Sold-----------------------------------------------------------------
330, 406, 489, 576, 603, 

Bought-----------------------------------------------------------------
308, 399, 463, 571, 577, 

Number of illegal transfers--------------------------------------------------------------
4, 

-----------------------------------------------------------------
