Selected-----------------------------------------------------------------
30, 48, 106, 127, 128, 186, 259, 352, 363, 406, 415, 481, 584, 606, 608, 

Starting-----------------------------------------------------------------
48, 128, 186, 259, 363, 406, 415, 481, 584, 606, 608, 

Captain-----------------------------------------------------------------
363, 

Vice-Captain-----------------------------------------------------------------
259, 

Substitutes-----------------------------------------------------------------
106, 127, 352, 

Remaining budget-----------------------------------------------------------------
PREVIOUS GW: 900000
THIS GW: 2.8e+06

Sold-----------------------------------------------------------------
104, 428, 520, 548, 

Bought-----------------------------------------------------------------
259, 406, 415, 608, 

Number of illegal transfers--------------------------------------------------------------
3, 

-----------------------------------------------------------------
