Selected-----------------------------------------------------------------
12, 48, 92, 104, 106, 127, 259, 300, 481, 484, 520, 536, 558, 583, 598, 

Starting-----------------------------------------------------------------
48, 92, 104, 127, 300, 481, 484, 520, 536, 558, 598, 

Captain-----------------------------------------------------------------
558, 

Vice-Captain-----------------------------------------------------------------
300, 

Substitutes-----------------------------------------------------------------
583, 106, 259, 

Remaining budget-----------------------------------------------------------------
PREVIOUS GW: 9.8e+06
THIS GW: 1.14e+07

Sold-----------------------------------------------------------------
271, 427, 579, 610, 

Bought-----------------------------------------------------------------
104, 300, 558, 598, 

Number of illegal transfers--------------------------------------------------------------
3, 

-----------------------------------------------------------------
