Selected-----------------------------------------------------------------
44, 48, 104, 106, 167, 249, 259, 352, 363, 428, 484, 520, 557, 583, 592, 

Starting-----------------------------------------------------------------
44, 104, 106, 167, 352, 363, 428, 484, 520, 557, 583, 

Captain-----------------------------------------------------------------
428, 

Vice-Captain-----------------------------------------------------------------
583, 

Substitutes-----------------------------------------------------------------
592, 249, 259, 

Remaining budget-----------------------------------------------------------------
PREVIOUS GW: 1.9e+06
THIS GW: 300000

Sold-----------------------------------------------------------------
35, 271, 330, 548, 

Bought-----------------------------------------------------------------
44, 104, 363, 583, 

Number of illegal transfers--------------------------------------------------------------
3, 

-----------------------------------------------------------------
