Selected-----------------------------------------------------------------
12, 23, 104, 158, 213, 259, 267, 330, 363, 428, 519, 520, 548, 557, 606, 

Starting-----------------------------------------------------------------
23, 104, 158, 267, 330, 363, 428, 520, 548, 557, 606, 

Captain-----------------------------------------------------------------
428, 

Vice-Captain-----------------------------------------------------------------
557, 

Substitutes-----------------------------------------------------------------
259, 519, 213, 

Remaining budget-----------------------------------------------------------------
PREVIOUS GW: 6.7e+06
THIS GW: 100000

Sold-----------------------------------------------------------------
75, 106, 352, 577, 

Bought-----------------------------------------------------------------
158, 267, 428, 557, 

Number of illegal transfers--------------------------------------------------------------
3, 

-----------------------------------------------------------------
