Selected-----------------------------------------------------------------
15, 48, 75, 93, 164, 167, 271, 330, 352, 455, 512, 520, 548, 557, 577, 

Starting-----------------------------------------------------------------
48, 75, 167, 271, 330, 352, 455, 520, 548, 557, 577, 

Captain-----------------------------------------------------------------
520, 

Vice-Captain-----------------------------------------------------------------
455, 

Substitutes-----------------------------------------------------------------
512, 164, 93, 

Remaining budget-----------------------------------------------------------------
PREVIOUS GW: 3.3e+06
THIS GW: 7.5e+06

Sold-----------------------------------------------------------------
12, 241, 365, 394, 592, 

Bought-----------------------------------------------------------------
48, 271, 352, 520, 548, 

Number of illegal transfers--------------------------------------------------------------
4, 

-----------------------------------------------------------------
