Selected-----------------------------------------------------------------
12, 44, 89, 199, 211, 241, 259, 330, 352, 428, 484, 520, 557, 561, 606, 

Starting-----------------------------------------------------------------
44, 199, 211, 259, 352, 428, 484, 520, 557, 561, 606, 

Captain-----------------------------------------------------------------
484, 

Vice-Captain-----------------------------------------------------------------
352, 

Substitutes-----------------------------------------------------------------
330, 241, 89, 

Remaining budget-----------------------------------------------------------------
PREVIOUS GW: 0
THIS GW: 900000

Sold-----------------------------------------------------------------
75, 335, 412, 548, 

Bought-----------------------------------------------------------------
211, 352, 484, 561, 

Number of illegal transfers--------------------------------------------------------------
3, 

-----------------------------------------------------------------
