Selected-----------------------------------------------------------------
16, 25, 75, 89, 92, 155, 164, 365, 394, 428, 455, 495, 557, 584, 621, 

Starting-----------------------------------------------------------------
25, 75, 92, 164, 365, 394, 428, 455, 495, 557, 584, 

Captain-----------------------------------------------------------------
584, 

Vice-Captain-----------------------------------------------------------------
455, 

Substitutes-----------------------------------------------------------------
89, 155, 621, 

Remaining budget-----------------------------------------------------------------
PREVIOUS GW: 2e+06
THIS GW: 3.2e+06

Sold-----------------------------------------------------------------
12, 397, 522, 551, 

Bought-----------------------------------------------------------------
25, 455, 495, 584, 

Number of illegal transfers--------------------------------------------------------------
3, 

-----------------------------------------------------------------
