Selected-----------------------------------------------------------------
30, 44, 104, 105, 106, 203, 256, 284, 363, 406, 428, 484, 549, 561, 606, 

Starting-----------------------------------------------------------------
44, 104, 105, 106, 203, 256, 284, 363, 406, 428, 606, 

Captain-----------------------------------------------------------------
428, 

Vice-Captain-----------------------------------------------------------------
105, 

Substitutes-----------------------------------------------------------------
549, 484, 561, 

Remaining budget-----------------------------------------------------------------
PREVIOUS GW: 5.8e+06
THIS GW: 1e+06

Sold-----------------------------------------------------------------
78, 171, 307, 581, 

Bought-----------------------------------------------------------------
105, 203, 428, 606, 

Number of illegal transfers--------------------------------------------------------------
3, 

-----------------------------------------------------------------
