Total expected points: 501.77
Selected-----------------------------------------------------------------
12, 48, 75, 92, 155, 164, 221, 365, 394, 397, 428, 522, 551, 557, 621, 

Starting-----------------------------------------------------------------
12, 75, 155, 164, 365, 394, 397, 428, 522, 551, 557, 

Captain-----------------------------------------------------------------
365, 

Vice-Captain-----------------------------------------------------------------
428, 

Substitutes-----------------------------------------------------------------
92, 621, 221, 

Remaining budget-----------------------------------------------------------------
2.5e+06, 

-----------------------------------------------------------------
