Selected-----------------------------------------------------------------
12, 66, 92, 104, 127, 128, 186, 363, 428, 481, 522, 536, 548, 583, 598, 

Starting-----------------------------------------------------------------
12, 104, 128, 186, 363, 428, 481, 536, 548, 583, 598, 

Captain-----------------------------------------------------------------
548, 

Vice-Captain-----------------------------------------------------------------
598, 

Substitutes-----------------------------------------------------------------
522, 127, 92, 

Remaining budget-----------------------------------------------------------------
PREVIOUS GW: 2.9e+06
THIS GW: 2.9e+06

Sold-----------------------------------------------------------------
24, 106, 484, 520, 606, 610, 

Bought-----------------------------------------------------------------
12, 186, 363, 428, 548, 598, 

Number of illegal transfers--------------------------------------------------------------
5, 

-----------------------------------------------------------------
