Selected-----------------------------------------------------------------
48, 58, 104, 105, 106, 212, 241, 352, 363, 397, 428, 484, 561, 579, 583, 

Starting-----------------------------------------------------------------
48, 104, 105, 106, 352, 363, 397, 428, 484, 579, 583, 

Captain-----------------------------------------------------------------
428, 

Vice-Captain-----------------------------------------------------------------
583, 

Substitutes-----------------------------------------------------------------
561, 241, 212, 

Remaining budget-----------------------------------------------------------------
PREVIOUS GW: 6.8e+06
THIS GW: 2.1e+06

Sold-----------------------------------------------------------------
210, 520, 548, 577, 

Bought-----------------------------------------------------------------
105, 397, 579, 583, 

Number of illegal transfers--------------------------------------------------------------
3, 

-----------------------------------------------------------------
