Selected-----------------------------------------------------------------
48, 58, 106, 212, 241, 249, 259, 330, 335, 352, 428, 520, 548, 577, 581, 

Starting-----------------------------------------------------------------
48, 106, 212, 259, 330, 352, 428, 520, 548, 577, 581, 

Captain-----------------------------------------------------------------
520, 

Vice-Captain-----------------------------------------------------------------
581, 

Substitutes-----------------------------------------------------------------
335, 249, 241, 

Remaining budget-----------------------------------------------------------------
PREVIOUS GW: 200000
THIS GW: 700000

Sold-----------------------------------------------------------------
75, 394, 399, 553, 592, 

Bought-----------------------------------------------------------------
259, 352, 520, 548, 581, 

Number of illegal transfers--------------------------------------------------------------
4, 

-----------------------------------------------------------------
