Selected-----------------------------------------------------------------
16, 24, 104, 127, 128, 176, 259, 277, 363, 481, 484, 520, 584, 606, 608, 

Starting-----------------------------------------------------------------
24, 104, 128, 176, 259, 363, 481, 484, 584, 606, 608, 

Captain-----------------------------------------------------------------
363, 

Vice-Captain-----------------------------------------------------------------
606, 

Substitutes-----------------------------------------------------------------
127, 520, 277, 

Remaining budget-----------------------------------------------------------------
PREVIOUS GW: 700000
THIS GW: 3.1e+06

Sold-----------------------------------------------------------------
90, 186, 397, 583, 

Bought-----------------------------------------------------------------
176, 259, 484, 608, 

Number of illegal transfers--------------------------------------------------------------
3, 

-----------------------------------------------------------------
