Selected-----------------------------------------------------------------
24, 48, 104, 106, 127, 128, 259, 363, 428, 481, 484, 520, 598, 606, 608, 

Starting-----------------------------------------------------------------
24, 127, 128, 259, 363, 481, 484, 520, 598, 606, 608, 

Captain-----------------------------------------------------------------
481, 

Vice-Captain-----------------------------------------------------------------
606, 

Substitutes-----------------------------------------------------------------
104, 428, 106, 

Remaining budget-----------------------------------------------------------------
PREVIOUS GW: 300000
THIS GW: 1.9e+06

Sold-----------------------------------------------------------------
105, 300, 583, 584, 

Bought-----------------------------------------------------------------
259, 363, 606, 608, 

Number of illegal transfers--------------------------------------------------------------
3, 

-----------------------------------------------------------------
