Selected-----------------------------------------------------------------
23, 44, 104, 158, 249, 259, 267, 330, 363, 428, 519, 520, 548, 557, 606, 

Starting-----------------------------------------------------------------
44, 104, 158, 267, 330, 363, 428, 520, 548, 557, 606, 

Captain-----------------------------------------------------------------
428, 

Vice-Captain-----------------------------------------------------------------
557, 

Substitutes-----------------------------------------------------------------
259, 519, 249, 

Remaining budget-----------------------------------------------------------------
PREVIOUS GW: 8.5e+06
THIS GW: 200000

Sold-----------------------------------------------------------------
12, 106, 213, 352, 577, 

Bought-----------------------------------------------------------------
44, 158, 267, 428, 557, 

Number of illegal transfers--------------------------------------------------------------
4, 

-----------------------------------------------------------------
