Selected-----------------------------------------------------------------
9, 35, 154, 171, 232, 237, 265, 307, 338, 363, 463, 484, 549, 561, 581, 

Starting-----------------------------------------------------------------
9, 154, 171, 232, 237, 265, 307, 363, 484, 549, 581, 

Captain-----------------------------------------------------------------
484, 

Vice-Captain-----------------------------------------------------------------
171, 

Substitutes-----------------------------------------------------------------
561, 463, 338, 

Remaining budget-----------------------------------------------------------------
PREVIOUS GW: 9.9e+06
THIS GW: 1.41e+07

Sold-----------------------------------------------------------------
131, 177, 203, 205, 350, 489, 557, 

Bought-----------------------------------------------------------------
154, 232, 237, 265, 307, 363, 549, 

Number of illegal transfers--------------------------------------------------------------
6, 

-----------------------------------------------------------------
