Selected-----------------------------------------------------------------
37, 66, 90, 106, 127, 234, 271, 397, 415, 481, 484, 520, 579, 583, 607, 

Starting-----------------------------------------------------------------
66, 106, 127, 234, 271, 397, 415, 481, 484, 520, 583, 

Captain-----------------------------------------------------------------
481, 

Vice-Captain-----------------------------------------------------------------
484, 

Substitutes-----------------------------------------------------------------
90, 579, 607, 

Remaining budget-----------------------------------------------------------------
PREVIOUS GW: 3.8e+06
THIS GW: 5.9e+06

Sold-----------------------------------------------------------------
48, 104, 105, 167, 428, 510, 

Bought-----------------------------------------------------------------
66, 127, 234, 271, 415, 481, 

Number of illegal transfers--------------------------------------------------------------
5, 

-----------------------------------------------------------------
