Selected-----------------------------------------------------------------
24, 48, 104, 128, 176, 186, 259, 363, 399, 402, 481, 536, 549, 584, 606, 

Starting-----------------------------------------------------------------
24, 128, 176, 186, 363, 399, 402, 481, 549, 584, 606, 

Captain-----------------------------------------------------------------
606, 

Vice-Captain-----------------------------------------------------------------
128, 

Substitutes-----------------------------------------------------------------
259, 104, 536, 

Remaining budget-----------------------------------------------------------------
PREVIOUS GW: 1.6e+06
THIS GW: 1.8e+06

Sold-----------------------------------------------------------------
428, 484, 598, 608, 

Bought-----------------------------------------------------------------
399, 402, 549, 584, 

Number of illegal transfers--------------------------------------------------------------
3, 

-----------------------------------------------------------------
