Selected-----------------------------------------------------------------
24, 52, 104, 108, 127, 128, 176, 300, 406, 481, 484, 536, 558, 598, 606, 

Starting-----------------------------------------------------------------
24, 104, 108, 127, 128, 176, 406, 481, 484, 598, 606, 

Captain-----------------------------------------------------------------
128, 

Vice-Captain-----------------------------------------------------------------
104, 

Substitutes-----------------------------------------------------------------
300, 558, 536, 

Remaining budget-----------------------------------------------------------------
PREVIOUS GW: 3.5e+06
THIS GW: 4.8e+06

Sold-----------------------------------------------------------------
37, 92, 105, 428, 

Bought-----------------------------------------------------------------
24, 108, 176, 406, 

Number of illegal transfers--------------------------------------------------------------
3, 

-----------------------------------------------------------------
