Selected-----------------------------------------------------------------
30, 35, 90, 104, 106, 176, 241, 352, 399, 428, 484, 520, 548, 561, 592, 

Starting-----------------------------------------------------------------
35, 90, 104, 106, 352, 399, 428, 484, 520, 548, 561, 

Captain-----------------------------------------------------------------
352, 

Vice-Captain-----------------------------------------------------------------
484, 

Substitutes-----------------------------------------------------------------
176, 592, 241, 

Remaining budget-----------------------------------------------------------------
PREVIOUS GW: 600000
THIS GW: 5.4e+06

Sold-----------------------------------------------------------------
75, 330, 455, 577, 

Bought-----------------------------------------------------------------
90, 352, 484, 561, 

Number of illegal transfers--------------------------------------------------------------
3, 

-----------------------------------------------------------------
