Selected-----------------------------------------------------------------
12, 52, 105, 106, 158, 234, 271, 352, 397, 415, 481, 520, 579, 583, 606, 

Starting-----------------------------------------------------------------
12, 106, 158, 234, 271, 397, 415, 481, 520, 583, 606, 

Captain-----------------------------------------------------------------
481, 

Vice-Captain-----------------------------------------------------------------
415, 

Substitutes-----------------------------------------------------------------
105, 352, 579, 

Remaining budget-----------------------------------------------------------------
PREVIOUS GW: 1.6e+06
THIS GW: 3.1e+06

Sold-----------------------------------------------------------------
104, 176, 428, 484, 510, 561, 

Bought-----------------------------------------------------------------
234, 271, 415, 481, 520, 606, 

Number of illegal transfers--------------------------------------------------------------
5, 

-----------------------------------------------------------------
