Selected-----------------------------------------------------------------
12, 44, 75, 89, 164, 166, 176, 365, 394, 428, 495, 522, 548, 557, 610, 

Starting-----------------------------------------------------------------
44, 75, 164, 176, 365, 394, 428, 495, 522, 548, 557, 

Captain-----------------------------------------------------------------
428, 

Vice-Captain-----------------------------------------------------------------
365, 

Substitutes-----------------------------------------------------------------
89, 610, 166, 

Remaining budget-----------------------------------------------------------------
PREVIOUS GW: 4.2e+06
THIS GW: 500000

Sold-----------------------------------------------------------------
37, 186, 314, 583, 

Bought-----------------------------------------------------------------
44, 164, 428, 557, 

Number of illegal transfers--------------------------------------------------------------
3, 

-----------------------------------------------------------------
