Selected-----------------------------------------------------------------
24, 48, 104, 106, 127, 128, 176, 300, 428, 481, 520, 536, 548, 558, 606, 

Starting-----------------------------------------------------------------
24, 104, 106, 127, 128, 176, 428, 481, 520, 548, 606, 

Captain-----------------------------------------------------------------
128, 

Vice-Captain-----------------------------------------------------------------
481, 

Substitutes-----------------------------------------------------------------
300, 558, 536, 

Remaining budget-----------------------------------------------------------------
PREVIOUS GW: 1.3e+06
THIS GW: 3e+06

Sold-----------------------------------------------------------------
1, 105, 234, 583, 

Bought-----------------------------------------------------------------
24, 128, 176, 606, 

Number of illegal transfers--------------------------------------------------------------
3, 

-----------------------------------------------------------------
