Selected-----------------------------------------------------------------
12, 24, 104, 105, 106, 127, 128, 352, 428, 481, 484, 520, 606, 607, 610, 

Starting-----------------------------------------------------------------
24, 104, 105, 106, 127, 128, 481, 484, 520, 606, 610, 

Captain-----------------------------------------------------------------
481, 

Vice-Captain-----------------------------------------------------------------
128, 

Substitutes-----------------------------------------------------------------
428, 352, 607, 

Remaining budget-----------------------------------------------------------------
PREVIOUS GW: 2.3e+06
THIS GW: 2.2e+06

Sold-----------------------------------------------------------------
25, 90, 234, 583, 

Bought-----------------------------------------------------------------
24, 127, 128, 606, 

Number of illegal transfers--------------------------------------------------------------
3, 

-----------------------------------------------------------------
