Total expected points: 501.89
Selected-----------------------------------------------------------------
12, 44, 75, 89, 176, 186, 265, 274, 365, 394, 495, 522, 548, 583, 610, 

Starting-----------------------------------------------------------------
12, 75, 89, 176, 274, 365, 394, 495, 522, 548, 583, 

Captain-----------------------------------------------------------------
522, 

Vice-Captain-----------------------------------------------------------------
365, 

Substitutes-----------------------------------------------------------------
610, 186, 265, 

Remaining budget-----------------------------------------------------------------
2.9e+06, 

-----------------------------------------------------------------
