Selected-----------------------------------------------------------------
10, 35, 75, 128, 164, 198, 267, 365, 406, 428, 455, 512, 548, 592, 610, 

Starting-----------------------------------------------------------------
35, 75, 164, 198, 267, 365, 406, 428, 455, 512, 592, 

Captain-----------------------------------------------------------------
512, 

Vice-Captain-----------------------------------------------------------------
365, 

Substitutes-----------------------------------------------------------------
548, 128, 610, 

Remaining budget-----------------------------------------------------------------
PREVIOUS GW: 2.3e+06
THIS GW: 1.1e+06

Sold-----------------------------------------------------------------
54, 89, 131, 176, 489, 495, 522, 584, 

Bought-----------------------------------------------------------------
35, 164, 198, 267, 428, 455, 512, 592, 

Number of illegal transfers--------------------------------------------------------------
7, 

-----------------------------------------------------------------
