Selected-----------------------------------------------------------------
12, 23, 75, 104, 106, 163, 241, 330, 352, 363, 394, 520, 548, 577, 606, 

Starting-----------------------------------------------------------------
23, 104, 106, 163, 330, 352, 363, 520, 548, 577, 606, 

Captain-----------------------------------------------------------------
520, 

Vice-Captain-----------------------------------------------------------------
606, 

Substitutes-----------------------------------------------------------------
394, 75, 241, 

Remaining budget-----------------------------------------------------------------
PREVIOUS GW: 6.6e+06
THIS GW: 2.6e+06

Sold-----------------------------------------------------------------
52, 412, 455, 592, 

Bought-----------------------------------------------------------------
23, 352, 520, 606, 

Number of illegal transfers--------------------------------------------------------------
3, 

-----------------------------------------------------------------
