Selected-----------------------------------------------------------------
12, 44, 90, 105, 176, 234, 271, 352, 397, 405, 481, 484, 579, 583, 607, 

Starting-----------------------------------------------------------------
12, 105, 234, 271, 352, 397, 405, 481, 484, 579, 583, 

Captain-----------------------------------------------------------------
481, 

Vice-Captain-----------------------------------------------------------------
484, 

Substitutes-----------------------------------------------------------------
176, 90, 607, 

Remaining budget-----------------------------------------------------------------
PREVIOUS GW: 700000
THIS GW: 4.7e+06

Sold-----------------------------------------------------------------
104, 259, 399, 428, 

Bought-----------------------------------------------------------------
234, 271, 405, 481, 

Number of illegal transfers--------------------------------------------------------------
3, 

-----------------------------------------------------------------
