Selected-----------------------------------------------------------------
32, 58, 104, 158, 249, 259, 271, 330, 352, 363, 428, 520, 548, 557, 577, 

Starting-----------------------------------------------------------------
32, 104, 158, 259, 330, 363, 428, 520, 548, 557, 577, 

Captain-----------------------------------------------------------------
428, 

Vice-Captain-----------------------------------------------------------------
557, 

Substitutes-----------------------------------------------------------------
352, 249, 271, 

Remaining budget-----------------------------------------------------------------
PREVIOUS GW: 3.1e+06
THIS GW: 500000

Sold-----------------------------------------------------------------
35, 106, 213, 344, 394, 581, 

Bought-----------------------------------------------------------------
32, 104, 158, 363, 428, 557, 

Number of illegal transfers--------------------------------------------------------------
5, 

-----------------------------------------------------------------
