Selected-----------------------------------------------------------------
9, 12, 128, 131, 186, 252, 259, 363, 394, 399, 481, 484, 549, 584, 606, 

Starting-----------------------------------------------------------------
9, 131, 186, 252, 394, 399, 481, 484, 549, 584, 606, 

Captain-----------------------------------------------------------------
549, 

Vice-Captain-----------------------------------------------------------------
481, 

Substitutes-----------------------------------------------------------------
259, 128, 363, 

Remaining budget-----------------------------------------------------------------
PREVIOUS GW: 3.2e+06
THIS GW: 2.8e+06

Sold-----------------------------------------------------------------
30, 104, 222, 335, 

Bought-----------------------------------------------------------------
9, 131, 252, 484, 

Number of illegal transfers--------------------------------------------------------------
3, 

-----------------------------------------------------------------
