Selected-----------------------------------------------------------------
24, 30, 104, 128, 186, 222, 259, 330, 363, 399, 402, 481, 549, 584, 608, 

Starting-----------------------------------------------------------------
30, 104, 128, 222, 330, 363, 399, 402, 549, 584, 608, 

Captain-----------------------------------------------------------------
363, 

Vice-Captain-----------------------------------------------------------------
584, 

Substitutes-----------------------------------------------------------------
481, 186, 259, 

Remaining budget-----------------------------------------------------------------
PREVIOUS GW: 2e+06
THIS GW: 3.8e+06

Sold-----------------------------------------------------------------
48, 176, 428, 519, 

Bought-----------------------------------------------------------------
30, 222, 399, 402, 

Number of illegal transfers--------------------------------------------------------------
3, 

-----------------------------------------------------------------
