Selected-----------------------------------------------------------------
44, 50, 160, 174, 186, 187, 223, 311, 400, 405, 440, 445, 577, 581, 584, 

Starting-----------------------------------------------------------------
50, 174, 186, 223, 311, 400, 405, 440, 445, 581, 584, 505, 567, 584, 620, 

Captain-----------------------------------------------------------------
286, 

Vice-Captain-----------------------------------------------------------------
186, 

Substitutes-----------------------------------------------------------------
577, 187, 267, 

Remaining budget-----------------------------------------------------------------
2.1e+06, Sold-----------------------------------------------------------------
232, 400, 484, 553, 

Bought-----------------------------------------------------------------
104, 386, 505, 620, 

Number of illegal transfers--------------------------------------------------------------
1, 

-----------------------------------------------------------------
