Selected-----------------------------------------------------------------
15, 18, 96, 104, 127, 167, 241, 352, 428, 481, 484, 520, 583, 606, 621, 

Starting-----------------------------------------------------------------
18, 96, 127, 167, 352, 428, 481, 484, 520, 583, 606, 

Captain-----------------------------------------------------------------
484, 

Vice-Captain-----------------------------------------------------------------
481, 

Substitutes-----------------------------------------------------------------
104, 241, 621, 

Remaining budget-----------------------------------------------------------------
PREVIOUS GW: 900000
THIS GW: 0

Sold-----------------------------------------------------------------
179, 397, 399, 557, 

Bought-----------------------------------------------------------------
127, 481, 484, 606, 

Number of illegal transfers--------------------------------------------------------------
3, 

-----------------------------------------------------------------
