Selected-----------------------------------------------------------------
44, 52, 75, 164, 176, 241, 267, 365, 455, 489, 495, 512, 557, 577, 584, 

Starting-----------------------------------------------------------------
44, 75, 176, 241, 267, 365, 455, 489, 495, 512, 584, 

Captain-----------------------------------------------------------------
584, 

Vice-Captain-----------------------------------------------------------------
455, 

Substitutes-----------------------------------------------------------------
557, 577, 164, 

Remaining budget-----------------------------------------------------------------
PREVIOUS GW: 600000
THIS GW: 3.9e+06

Sold-----------------------------------------------------------------
132, 415, 428, 551, 

Bought-----------------------------------------------------------------
241, 489, 512, 584, 

Number of illegal transfers--------------------------------------------------------------
3, 

-----------------------------------------------------------------
