Selected-----------------------------------------------------------------
58, 62, 104, 177, 232, 245, 261, 279, 386, 448, 484, 500, 553, 559, 577, 

Starting-----------------------------------------------------------------
58, 104, 177, 232, 245, 261, 279, 484, 500, 559, 577, 

Captain-----------------------------------------------------------------
245, 

Vice-Captain-----------------------------------------------------------------
104, 

Substitutes-----------------------------------------------------------------
386, 448, 553, 

Remaining budget-----------------------------------------------------------------
PREVIOUS GW: 2.1e+06
THIS GW: 1.9e+06

Sold-----------------------------------------------------------------
44, 154, 223, 427, 576, 

Bought-----------------------------------------------------------------
58, 104, 245, 500, 559, 

Number of illegal transfers--------------------------------------------------------------
4, 

-----------------------------------------------------------------
