Selected-----------------------------------------------------------------
1, 54, 164, 176, 213, 241, 267, 308, 365, 455, 463, 512, 551, 557, 584, 

Starting-----------------------------------------------------------------
54, 176, 213, 241, 308, 365, 455, 463, 512, 557, 584, 

Captain-----------------------------------------------------------------
455, 

Vice-Captain-----------------------------------------------------------------
241, 

Substitutes-----------------------------------------------------------------
551, 267, 164, 

Remaining budget-----------------------------------------------------------------
PREVIOUS GW: 3.1e+06
THIS GW: 5.7e+06

Sold-----------------------------------------------------------------
89, 198, 428, 616, 

Bought-----------------------------------------------------------------
213, 241, 463, 584, 

Number of illegal transfers--------------------------------------------------------------
3, 

-----------------------------------------------------------------
