Selected-----------------------------------------------------------------
25, 58, 104, 106, 213, 241, 259, 330, 352, 399, 455, 520, 548, 577, 581, 

Starting-----------------------------------------------------------------
25, 104, 106, 259, 330, 352, 399, 520, 548, 577, 581, 

Captain-----------------------------------------------------------------
520, 

Vice-Captain-----------------------------------------------------------------
581, 

Substitutes-----------------------------------------------------------------
455, 213, 241, 

Remaining budget-----------------------------------------------------------------
PREVIOUS GW: 1.8e+06
THIS GW: 2.5e+06

Sold-----------------------------------------------------------------
75, 315, 394, 584, 

Bought-----------------------------------------------------------------
259, 352, 520, 581, 

Number of illegal transfers--------------------------------------------------------------
3, 

-----------------------------------------------------------------
