Selected-----------------------------------------------------------------
30, 48, 125, 128, 176, 186, 259, 399, 415, 428, 481, 519, 549, 584, 606, 

Starting-----------------------------------------------------------------
30, 125, 128, 186, 399, 415, 428, 481, 549, 584, 606, 

Captain-----------------------------------------------------------------
606, 

Vice-Captain-----------------------------------------------------------------
399, 

Substitutes-----------------------------------------------------------------
176, 259, 519, 

Remaining budget-----------------------------------------------------------------
PREVIOUS GW: 5.9e+06
THIS GW: 1.1e+06

Sold-----------------------------------------------------------------
222, 363, 520, 582, 608, 

Bought-----------------------------------------------------------------
125, 399, 481, 549, 584, 

Number of illegal transfers--------------------------------------------------------------
4, 

-----------------------------------------------------------------
