Selected-----------------------------------------------------------------
12, 48, 104, 106, 127, 128, 176, 300, 397, 415, 481, 484, 552, 583, 606, 

Starting-----------------------------------------------------------------
12, 104, 106, 127, 128, 176, 415, 481, 484, 583, 606, 

Captain-----------------------------------------------------------------
481, 

Vice-Captain-----------------------------------------------------------------
484, 

Substitutes-----------------------------------------------------------------
397, 552, 300, 

Remaining budget-----------------------------------------------------------------
PREVIOUS GW: 1.4e+06
THIS GW: 400000

Sold-----------------------------------------------------------------
92, 167, 428, 548, 

Bought-----------------------------------------------------------------
128, 176, 415, 606, 

Number of illegal transfers--------------------------------------------------------------
3, 

-----------------------------------------------------------------
