Selected-----------------------------------------------------------------
23, 54, 75, 92, 106, 221, 241, 330, 399, 428, 455, 520, 557, 577, 592, 

Starting-----------------------------------------------------------------
54, 75, 106, 241, 330, 399, 428, 520, 557, 577, 592, 

Captain-----------------------------------------------------------------
557, 

Vice-Captain-----------------------------------------------------------------
330, 

Substitutes-----------------------------------------------------------------
455, 92, 221, 

Remaining budget-----------------------------------------------------------------
PREVIOUS GW: 1.8e+06
THIS GW: 0

Sold-----------------------------------------------------------------
164, 308, 495, 548, 581, 

Bought-----------------------------------------------------------------
221, 399, 428, 577, 592, 

Number of illegal transfers--------------------------------------------------------------
4, 

-----------------------------------------------------------------
