Selected-----------------------------------------------------------------
61, 62, 72, 177, 223, 232, 261, 402, 427, 448, 481, 484, 553, 577, 584, 

Starting-----------------------------------------------------------------
61, 177, 232, 261, 402, 427, 481, 484, 553, 577, 584, 

Captain-----------------------------------------------------------------
427, 

Vice-Captain-----------------------------------------------------------------
484, 

Substitutes-----------------------------------------------------------------
223, 448, 72, 

Remaining budget-----------------------------------------------------------------
PREVIOUS GW: 400000
THIS GW: 200000

Sold-----------------------------------------------------------------
44, 171, 185, 282, 406, 489, 582, 606, 

Bought-----------------------------------------------------------------
61, 177, 261, 427, 481, 484, 577, 584, 

Number of illegal transfers--------------------------------------------------------------
7, 

-----------------------------------------------------------------
