Selected-----------------------------------------------------------------
23, 52, 104, 158, 163, 259, 267, 330, 363, 428, 519, 520, 548, 557, 606, 

Starting-----------------------------------------------------------------
23, 104, 158, 267, 330, 363, 428, 520, 548, 557, 606, 

Captain-----------------------------------------------------------------
428, 

Vice-Captain-----------------------------------------------------------------
557, 

Substitutes-----------------------------------------------------------------
163, 259, 519, 

Remaining budget-----------------------------------------------------------------
PREVIOUS GW: 6.8e+06
THIS GW: 200000

Sold-----------------------------------------------------------------
75, 106, 352, 577, 

Bought-----------------------------------------------------------------
158, 267, 428, 557, 

Number of illegal transfers--------------------------------------------------------------
3, 

-----------------------------------------------------------------
