Selected-----------------------------------------------------------------
32, 48, 90, 104, 124, 158, 259, 352, 363, 428, 484, 520, 548, 557, 561, 

Starting-----------------------------------------------------------------
48, 90, 124, 259, 352, 428, 484, 520, 548, 557, 561, 

Captain-----------------------------------------------------------------
352, 

Vice-Captain-----------------------------------------------------------------
484, 

Substitutes-----------------------------------------------------------------
363, 104, 158, 

Remaining budget-----------------------------------------------------------------
PREVIOUS GW: 1.8e+06
THIS GW: 4.6e+06

Sold-----------------------------------------------------------------
213, 249, 330, 399, 552, 

Bought-----------------------------------------------------------------
90, 124, 352, 484, 561, 

Number of illegal transfers--------------------------------------------------------------
4, 

-----------------------------------------------------------------
