Selected-----------------------------------------------------------------
20, 30, 128, 131, 186, 252, 259, 399, 428, 481, 484, 531, 547, 549, 584, 

Starting-----------------------------------------------------------------
20, 131, 186, 252, 428, 481, 484, 531, 547, 549, 584, 

Captain-----------------------------------------------------------------
549, 

Vice-Captain-----------------------------------------------------------------
481, 

Substitutes-----------------------------------------------------------------
399, 259, 128, 

Remaining budget-----------------------------------------------------------------
PREVIOUS GW: 1.7e+06
THIS GW: 7.1e+06

Sold-----------------------------------------------------------------
125, 222, 335, 363, 606, 

Bought-----------------------------------------------------------------
131, 252, 484, 531, 547, 

Number of illegal transfers--------------------------------------------------------------
4, 

-----------------------------------------------------------------
