Selected-----------------------------------------------------------------
12, 48, 90, 92, 104, 105, 127, 397, 428, 481, 484, 520, 548, 552, 583, 

Starting-----------------------------------------------------------------
48, 92, 104, 105, 127, 397, 428, 481, 484, 520, 583, 

Captain-----------------------------------------------------------------
104, 

Vice-Captain-----------------------------------------------------------------
397, 

Substitutes-----------------------------------------------------------------
90, 548, 552, 

Remaining budget-----------------------------------------------------------------
PREVIOUS GW: 3.8e+06
THIS GW: 2.3e+06

Sold-----------------------------------------------------------------
158, 176, 234, 536, 

Bought-----------------------------------------------------------------
92, 104, 105, 397, 

Number of illegal transfers--------------------------------------------------------------
3, 

-----------------------------------------------------------------
