Selected-----------------------------------------------------------------
12, 66, 92, 105, 106, 127, 271, 300, 481, 484, 520, 536, 548, 558, 583, 

Starting-----------------------------------------------------------------
12, 92, 106, 127, 300, 481, 484, 520, 536, 548, 558, 

Captain-----------------------------------------------------------------
558, 

Vice-Captain-----------------------------------------------------------------
300, 

Substitutes-----------------------------------------------------------------
583, 105, 271, 

Remaining budget-----------------------------------------------------------------
PREVIOUS GW: 5.2e+06
THIS GW: 6.8e+06

Sold-----------------------------------------------------------------
241, 397, 415, 610, 

Bought-----------------------------------------------------------------
92, 300, 520, 558, 

Number of illegal transfers--------------------------------------------------------------
3, 

-----------------------------------------------------------------
