Selected-----------------------------------------------------------------
24, 52, 92, 106, 127, 128, 259, 300, 363, 481, 484, 520, 584, 606, 608, 

Starting-----------------------------------------------------------------
24, 127, 128, 259, 363, 481, 484, 520, 584, 606, 608, 

Captain-----------------------------------------------------------------
481, 

Vice-Captain-----------------------------------------------------------------
606, 

Substitutes-----------------------------------------------------------------
106, 300, 92, 

Remaining budget-----------------------------------------------------------------
PREVIOUS GW: 1.7e+06
THIS GW: 5.4e+06

Sold-----------------------------------------------------------------
186, 330, 579, 583, 

Bought-----------------------------------------------------------------
259, 363, 606, 608, 

Number of illegal transfers--------------------------------------------------------------
3, 

-----------------------------------------------------------------
