Selected-----------------------------------------------------------------
15, 23, 104, 106, 163, 259, 261, 330, 352, 363, 394, 520, 548, 577, 606, 

Starting-----------------------------------------------------------------
23, 104, 259, 261, 330, 352, 363, 520, 548, 577, 606, 

Captain-----------------------------------------------------------------
520, 

Vice-Captain-----------------------------------------------------------------
606, 

Substitutes-----------------------------------------------------------------
163, 106, 394, 

Remaining budget-----------------------------------------------------------------
PREVIOUS GW: 5.3e+06
THIS GW: 4.8e+06

Sold-----------------------------------------------------------------
12, 213, 241, 412, 455, 558, 

Bought-----------------------------------------------------------------
23, 259, 261, 352, 520, 606, 

Number of illegal transfers--------------------------------------------------------------
5, 

-----------------------------------------------------------------
