Selected-----------------------------------------------------------------
48, 58, 90, 105, 106, 210, 259, 352, 397, 399, 428, 520, 557, 579, 583, 

Starting-----------------------------------------------------------------
48, 90, 105, 106, 352, 397, 399, 428, 557, 579, 583, 

Captain-----------------------------------------------------------------
428, 

Vice-Captain-----------------------------------------------------------------
583, 

Substitutes-----------------------------------------------------------------
520, 210, 259, 

Remaining budget-----------------------------------------------------------------
PREVIOUS GW: 3.3e+06
THIS GW: 1.1e+06

Sold-----------------------------------------------------------------
158, 484, 548, 561, 

Bought-----------------------------------------------------------------
105, 397, 579, 583, 

Number of illegal transfers--------------------------------------------------------------
3, 

-----------------------------------------------------------------
