Selected-----------------------------------------------------------------
48, 58, 75, 96, 104, 106, 241, 330, 363, 365, 394, 399, 548, 577, 592, 

Starting-----------------------------------------------------------------
58, 104, 106, 241, 330, 363, 365, 394, 399, 577, 592, 

Captain-----------------------------------------------------------------
330, 

Vice-Captain-----------------------------------------------------------------
106, 

Substitutes-----------------------------------------------------------------
548, 96, 75, 

Remaining budget-----------------------------------------------------------------
PREVIOUS GW: 4.9e+06
THIS GW: 700000

Sold-----------------------------------------------------------------
35, 308, 455, 584, 

Bought-----------------------------------------------------------------
58, 363, 399, 577, 

Number of illegal transfers--------------------------------------------------------------
3, 

-----------------------------------------------------------------
