Selected-----------------------------------------------------------------
20, 44, 131, 171, 177, 205, 265, 330, 406, 481, 484, 489, 549, 561, 581, 

Starting-----------------------------------------------------------------
44, 131, 171, 205, 265, 330, 406, 489, 549, 561, 581, 

Captain-----------------------------------------------------------------
549, 

Vice-Captain-----------------------------------------------------------------
44, 

Substitutes-----------------------------------------------------------------
484, 177, 481, 

Remaining budget-----------------------------------------------------------------
PREVIOUS GW: 5.5e+06
THIS GW: 2.7e+06

Sold-----------------------------------------------------------------
9, 252, 259, 394, 

Bought-----------------------------------------------------------------
44, 171, 265, 406, 

Number of illegal transfers--------------------------------------------------------------
3, 

-----------------------------------------------------------------
