Selected-----------------------------------------------------------------
20, 48, 104, 128, 164, 186, 259, 363, 399, 402, 481, 531, 549, 584, 606, 

Starting-----------------------------------------------------------------
20, 164, 186, 259, 363, 399, 402, 481, 549, 584, 606, 

Captain-----------------------------------------------------------------
481, 

Vice-Captain-----------------------------------------------------------------
363, 

Substitutes-----------------------------------------------------------------
128, 531, 104, 

Remaining budget-----------------------------------------------------------------
PREVIOUS GW: 400000
THIS GW: 1.4e+06

Sold-----------------------------------------------------------------
24, 127, 330, 335, 

Bought-----------------------------------------------------------------
20, 186, 399, 402, 

Number of illegal transfers--------------------------------------------------------------
3, 

-----------------------------------------------------------------
