Selected-----------------------------------------------------------------
12, 25, 75, 104, 106, 163, 241, 330, 363, 394, 412, 455, 548, 558, 577, 

Starting-----------------------------------------------------------------
12, 104, 106, 163, 330, 363, 394, 412, 548, 558, 577, 

Captain-----------------------------------------------------------------
330, 

Vice-Captain-----------------------------------------------------------------
104, 

Substitutes-----------------------------------------------------------------
455, 75, 241, 

Remaining budget-----------------------------------------------------------------
PREVIOUS GW: 5.9e+06
THIS GW: 3.2e+06

Sold-----------------------------------------------------------------
213, 308, 584, 602, 

Bought-----------------------------------------------------------------
163, 363, 558, 577, 

Number of illegal transfers--------------------------------------------------------------
3, 

-----------------------------------------------------------------
