Selected-----------------------------------------------------------------
12, 52, 104, 106, 108, 128, 176, 300, 361, 406, 428, 481, 548, 598, 606, 

Starting-----------------------------------------------------------------
12, 104, 106, 108, 128, 176, 361, 406, 481, 598, 606, 

Captain-----------------------------------------------------------------
128, 

Vice-Captain-----------------------------------------------------------------
104, 

Substitutes-----------------------------------------------------------------
428, 548, 300, 

Remaining budget-----------------------------------------------------------------
PREVIOUS GW: 1e+07
THIS GW: 600000

Sold-----------------------------------------------------------------
92, 127, 520, 536, 558, 

Bought-----------------------------------------------------------------
108, 176, 361, 406, 606, 

Number of illegal transfers--------------------------------------------------------------
4, 

-----------------------------------------------------------------
