Selected-----------------------------------------------------------------
6, 23, 75, 104, 174, 230, 266, 394, 415, 421, 423, 489, 570, 577, 586, 

Starting-----------------------------------------------------------------
23, 75, 104, 230, 394, 415, 421, 423, 489, 570, 577, 

Captain-----------------------------------------------------------------
423, 

Vice-Captain-----------------------------------------------------------------
570, 

Substitutes-----------------------------------------------------------------
266, 174, 586, 

Remaining budget-----------------------------------------------------------------
PREVIOUS GW: 6.5e+06
THIS GW: 2.9e+06

Sold-----------------------------------------------------------------
269, 273, 386, 405, 567, 592, 

Bought-----------------------------------------------------------------
104, 230, 394, 423, 570, 577, 

Number of illegal transfers--------------------------------------------------------------
5, 

-----------------------------------------------------------------
