Selected-----------------------------------------------------------------
24, 48, 104, 128, 176, 186, 259, 363, 428, 481, 520, 522, 598, 606, 608, 

Starting-----------------------------------------------------------------
48, 104, 128, 176, 259, 363, 481, 522, 598, 606, 608, 

Captain-----------------------------------------------------------------
606, 

Vice-Captain-----------------------------------------------------------------
363, 

Substitutes-----------------------------------------------------------------
428, 186, 520, 

Remaining budget-----------------------------------------------------------------
PREVIOUS GW: 0
THIS GW: 3.8e+06

Sold-----------------------------------------------------------------
106, 127, 583, 584, 

Bought-----------------------------------------------------------------
176, 259, 606, 608, 

Number of illegal transfers--------------------------------------------------------------
3, 

-----------------------------------------------------------------
