Selected-----------------------------------------------------------------
30, 54, 125, 128, 170, 186, 259, 399, 402, 451, 481, 519, 577, 584, 606, 

Starting-----------------------------------------------------------------
54, 125, 128, 170, 399, 402, 451, 481, 577, 584, 606, 

Captain-----------------------------------------------------------------
399, 

Vice-Captain-----------------------------------------------------------------
606, 

Substitutes-----------------------------------------------------------------
186, 259, 519, 

Remaining budget-----------------------------------------------------------------
PREVIOUS GW: 2.3e+06
THIS GW: 3e+06

Sold-----------------------------------------------------------------
108, 176, 279, 330, 363, 512, 548, 

Bought-----------------------------------------------------------------
125, 170, 399, 402, 451, 481, 577, 

Number of illegal transfers--------------------------------------------------------------
6, 

-----------------------------------------------------------------
