Selected-----------------------------------------------------------------
15, 24, 106, 127, 128, 158, 259, 300, 363, 481, 484, 520, 584, 606, 608, 

Starting-----------------------------------------------------------------
24, 127, 128, 259, 363, 481, 484, 520, 584, 606, 608, 

Captain-----------------------------------------------------------------
481, 

Vice-Captain-----------------------------------------------------------------
606, 

Substitutes-----------------------------------------------------------------
106, 300, 158, 

Remaining budget-----------------------------------------------------------------
PREVIOUS GW: 300000
THIS GW: 4.8e+06

Sold-----------------------------------------------------------------
105, 330, 579, 583, 

Bought-----------------------------------------------------------------
259, 363, 606, 608, 

Number of illegal transfers--------------------------------------------------------------
3, 

-----------------------------------------------------------------
