Selected-----------------------------------------------------------------
16, 48, 90, 104, 106, 127, 249, 352, 428, 481, 484, 520, 552, 579, 583, 

Starting-----------------------------------------------------------------
48, 104, 106, 127, 352, 428, 481, 484, 520, 579, 583, 

Captain-----------------------------------------------------------------
484, 

Vice-Captain-----------------------------------------------------------------
481, 

Substitutes-----------------------------------------------------------------
90, 552, 249, 

Remaining budget-----------------------------------------------------------------
PREVIOUS GW: 2.5e+06
THIS GW: 7.1e+06

Sold-----------------------------------------------------------------
18, 167, 363, 399, 

Bought-----------------------------------------------------------------
48, 127, 352, 481, 

Number of illegal transfers--------------------------------------------------------------
3, 

-----------------------------------------------------------------
