Selected-----------------------------------------------------------------
37, 48, 90, 104, 105, 106, 211, 397, 399, 428, 484, 510, 561, 579, 583, 

Starting-----------------------------------------------------------------
37, 90, 104, 105, 106, 397, 399, 428, 484, 579, 583, 

Captain-----------------------------------------------------------------
105, 

Vice-Captain-----------------------------------------------------------------
397, 

Substitutes-----------------------------------------------------------------
561, 510, 211, 

Remaining budget-----------------------------------------------------------------
PREVIOUS GW: 5.1e+06
THIS GW: 300000

Sold-----------------------------------------------------------------
23, 124, 176, 352, 520, 557, 606, 

Bought-----------------------------------------------------------------
37, 105, 106, 397, 399, 579, 583, 

Number of illegal transfers--------------------------------------------------------------
6, 

-----------------------------------------------------------------
