Selected-----------------------------------------------------------------
9, 54, 125, 128, 164, 170, 186, 363, 386, 402, 451, 481, 549, 576, 584, 

Starting-----------------------------------------------------------------
9, 164, 170, 186, 363, 386, 402, 481, 549, 576, 584, 

Captain-----------------------------------------------------------------
549, 

Vice-Captain-----------------------------------------------------------------
584, 

Substitutes-----------------------------------------------------------------
451, 128, 125, 

Remaining budget-----------------------------------------------------------------
PREVIOUS GW: 6.5e+06
THIS GW: 3.4e+06

Sold-----------------------------------------------------------------
259, 361, 466, 606, 

Bought-----------------------------------------------------------------
164, 386, 402, 576, 

Number of illegal transfers--------------------------------------------------------------
3, 

-----------------------------------------------------------------
