Selected-----------------------------------------------------------------
12, 54, 75, 92, 106, 213, 241, 281, 308, 330, 365, 455, 557, 584, 592, 

Starting-----------------------------------------------------------------
12, 92, 106, 241, 281, 308, 330, 365, 455, 557, 584, 

Captain-----------------------------------------------------------------
330, 

Vice-Captain-----------------------------------------------------------------
106, 

Substitutes-----------------------------------------------------------------
213, 592, 75, 

Remaining budget-----------------------------------------------------------------
PREVIOUS GW: 4.4e+06
THIS GW: 1e+06

Sold-----------------------------------------------------------------
52, 164, 259, 512, 

Bought-----------------------------------------------------------------
12, 92, 106, 330, 

Number of illegal transfers--------------------------------------------------------------
3, 

-----------------------------------------------------------------
