Selected-----------------------------------------------------------------
1, 48, 104, 105, 106, 127, 271, 397, 481, 484, 520, 536, 558, 583, 598, 

Starting-----------------------------------------------------------------
1, 104, 106, 127, 397, 481, 484, 520, 558, 583, 598, 

Captain-----------------------------------------------------------------
558, 

Vice-Captain-----------------------------------------------------------------
104, 

Substitutes-----------------------------------------------------------------
536, 105, 271, 

Remaining budget-----------------------------------------------------------------
PREVIOUS GW: 3.7e+06
THIS GW: 5.3e+06

Sold-----------------------------------------------------------------
12, 234, 415, 548, 610, 

Bought-----------------------------------------------------------------
1, 104, 520, 558, 598, 

Number of illegal transfers--------------------------------------------------------------
4, 

-----------------------------------------------------------------
