Selected-----------------------------------------------------------------
12, 48, 104, 106, 164, 211, 241, 352, 365, 428, 484, 520, 557, 561, 606, 

Starting-----------------------------------------------------------------
48, 104, 164, 211, 352, 428, 484, 520, 557, 561, 606, 

Captain-----------------------------------------------------------------
484, 

Vice-Captain-----------------------------------------------------------------
352, 

Substitutes-----------------------------------------------------------------
365, 106, 241, 

Remaining budget-----------------------------------------------------------------
PREVIOUS GW: 1.8e+06
THIS GW: 0

Sold-----------------------------------------------------------------
35, 89, 519, 548, 

Bought-----------------------------------------------------------------
48, 211, 484, 561, 

Number of illegal transfers--------------------------------------------------------------
3, 

-----------------------------------------------------------------
