Selected-----------------------------------------------------------------
48, 54, 92, 96, 106, 176, 241, 330, 352, 428, 455, 520, 548, 557, 592, 

Starting-----------------------------------------------------------------
48, 92, 96, 106, 330, 352, 428, 455, 520, 548, 557, 

Captain-----------------------------------------------------------------
352, 

Vice-Captain-----------------------------------------------------------------
520, 

Substitutes-----------------------------------------------------------------
176, 592, 241, 

Remaining budget-----------------------------------------------------------------
PREVIOUS GW: 400000
THIS GW: 4.3e+06

Sold-----------------------------------------------------------------
75, 164, 495, 577, 

Bought-----------------------------------------------------------------
92, 96, 352, 548, 

Number of illegal transfers--------------------------------------------------------------
3, 

-----------------------------------------------------------------
