Total expected points: 305.199
Selected-----------------------------------------------------------------
25, 52, 131, 155, 176, 229, 259, 361, 406, 415, 485, 495, 557, 584, 621, 

Starting-----------------------------------------------------------------
25, 131, 176, 259, 361, 406, 415, 485, 495, 557, 584, 

Captain-----------------------------------------------------------------
495, 

Vice-Captain-----------------------------------------------------------------
557, 

Substitutes-----------------------------------------------------------------
229, 155, 621, 

Remaining budget-----------------------------------------------------------------
1.5e+06, 

-----------------------------------------------------------------
