Selected-----------------------------------------------------------------
18, 48, 105, 127, 167, 210, 241, 352, 428, 481, 484, 520, 548, 552, 583, 

Starting-----------------------------------------------------------------
48, 105, 127, 210, 352, 428, 481, 484, 520, 548, 583, 

Captain-----------------------------------------------------------------
484, 

Vice-Captain-----------------------------------------------------------------
481, 

Substitutes-----------------------------------------------------------------
167, 552, 241, 

Remaining budget-----------------------------------------------------------------
PREVIOUS GW: 300000
THIS GW: 4.1e+06

Sold-----------------------------------------------------------------
54, 104, 363, 397, 399, 

Bought-----------------------------------------------------------------
48, 127, 352, 481, 484, 

Number of illegal transfers--------------------------------------------------------------
4, 

-----------------------------------------------------------------
