Selected-----------------------------------------------------------------
25, 35, 75, 92, 213, 241, 271, 308, 449, 455, 463, 512, 551, 577, 584, 

Starting-----------------------------------------------------------------
25, 75, 213, 241, 271, 308, 449, 455, 463, 512, 584, 

Captain-----------------------------------------------------------------
455, 

Vice-Captain-----------------------------------------------------------------
241, 

Substitutes-----------------------------------------------------------------
92, 551, 577, 

Remaining budget-----------------------------------------------------------------
PREVIOUS GW: 1.3e+06
THIS GW: 1.15e+07

Sold-----------------------------------------------------------------
52, 164, 198, 267, 365, 394, 428, 

Bought-----------------------------------------------------------------
25, 213, 241, 271, 449, 463, 512, 

Number of illegal transfers--------------------------------------------------------------
6, 

-----------------------------------------------------------------
