Selected-----------------------------------------------------------------
18, 48, 96, 105, 127, 167, 241, 352, 428, 481, 484, 520, 552, 583, 606, 

Starting-----------------------------------------------------------------
48, 96, 105, 127, 352, 428, 481, 484, 520, 583, 606, 

Captain-----------------------------------------------------------------
484, 

Vice-Captain-----------------------------------------------------------------
481, 

Substitutes-----------------------------------------------------------------
167, 552, 241, 

Remaining budget-----------------------------------------------------------------
PREVIOUS GW: 2.4e+06
THIS GW: 600000

Sold-----------------------------------------------------------------
104, 363, 397, 399, 579, 

Bought-----------------------------------------------------------------
127, 352, 481, 484, 606, 

Number of illegal transfers--------------------------------------------------------------
4, 

-----------------------------------------------------------------
