Selected-----------------------------------------------------------------
20, 24, 79, 131, 177, 205, 252, 352, 394, 481, 484, 489, 547, 577, 581, 

Starting-----------------------------------------------------------------
20, 79, 131, 177, 352, 394, 481, 484, 489, 547, 577, 

Captain-----------------------------------------------------------------
489, 

Vice-Captain-----------------------------------------------------------------
394, 

Substitutes-----------------------------------------------------------------
581, 205, 252, 

Remaining budget-----------------------------------------------------------------
PREVIOUS GW: 5.8e+06
THIS GW: 8.1e+06

Sold-----------------------------------------------------------------
121, 330, 531, 584, 

Bought-----------------------------------------------------------------
177, 394, 489, 577, 

Number of illegal transfers--------------------------------------------------------------
3, 

-----------------------------------------------------------------
