Selected-----------------------------------------------------------------
1, 22, 74, 78, 105, 187, 245, 286, 405, 448, 458, 530, 559, 581, 584, 

Starting-----------------------------------------------------------------
1, 74, 78, 105, 286, 405, 458, 530, 559, 581, 584, 

Captain-----------------------------------------------------------------
584, 

Vice-Captain-----------------------------------------------------------------
78, 

Substitutes-----------------------------------------------------------------
245, 187, 448, 

Remaining budget-----------------------------------------------------------------
PREVIOUS GW: 3.2e+06
THIS GW: 400000

Sold-----------------------------------------------------------------
50, 223, 232, 282, 582, 

Bought-----------------------------------------------------------------
1, 74, 105, 530, 584, 

Number of illegal transfers--------------------------------------------------------------
4, 

-----------------------------------------------------------------
