Selected-----------------------------------------------------------------
48, 52, 75, 106, 210, 241, 259, 330, 352, 363, 455, 520, 552, 557, 577, 

Starting-----------------------------------------------------------------
48, 106, 210, 259, 330, 352, 363, 455, 520, 557, 577, 

Captain-----------------------------------------------------------------
520, 

Vice-Captain-----------------------------------------------------------------
455, 

Substitutes-----------------------------------------------------------------
75, 241, 552, 

Remaining budget-----------------------------------------------------------------
PREVIOUS GW: 0
THIS GW: 1.07e+07

Sold-----------------------------------------------------------------
12, 89, 164, 394, 428, 

Bought-----------------------------------------------------------------
48, 210, 259, 352, 520, 

Number of illegal transfers--------------------------------------------------------------
4, 

-----------------------------------------------------------------
