Selected-----------------------------------------------------------------
12, 52, 92, 104, 106, 127, 158, 300, 481, 484, 520, 536, 558, 583, 606, 

Starting-----------------------------------------------------------------
12, 92, 104, 127, 300, 481, 484, 520, 536, 558, 606, 

Captain-----------------------------------------------------------------
558, 

Vice-Captain-----------------------------------------------------------------
300, 

Substitutes-----------------------------------------------------------------
583, 106, 158, 

Remaining budget-----------------------------------------------------------------
PREVIOUS GW: 2.2e+06
THIS GW: 4.2e+06

Sold-----------------------------------------------------------------
271, 397, 415, 610, 

Bought-----------------------------------------------------------------
92, 300, 520, 558, 

Number of illegal transfers--------------------------------------------------------------
3, 

-----------------------------------------------------------------
