Selected-----------------------------------------------------------------
12, 48, 75, 93, 106, 210, 259, 330, 344, 352, 455, 520, 557, 577, 592, 

Starting-----------------------------------------------------------------
48, 106, 210, 259, 330, 344, 352, 455, 520, 557, 577, 

Captain-----------------------------------------------------------------
520, 

Vice-Captain-----------------------------------------------------------------
455, 

Substitutes-----------------------------------------------------------------
592, 75, 93, 

Remaining budget-----------------------------------------------------------------
PREVIOUS GW: 500000
THIS GW: 1.05e+07

Sold-----------------------------------------------------------------
52, 164, 241, 394, 428, 

Bought-----------------------------------------------------------------
48, 210, 259, 352, 520, 

Number of illegal transfers--------------------------------------------------------------
4, 

-----------------------------------------------------------------
