Selected-----------------------------------------------------------------
20, 48, 128, 176, 186, 252, 259, 402, 466, 481, 484, 531, 549, 584, 606, 

Starting-----------------------------------------------------------------
20, 128, 252, 259, 466, 481, 484, 531, 549, 584, 606, 

Captain-----------------------------------------------------------------
549, 

Vice-Captain-----------------------------------------------------------------
481, 

Substitutes-----------------------------------------------------------------
402, 186, 176, 

Remaining budget-----------------------------------------------------------------
PREVIOUS GW: 4.7e+06
THIS GW: 3.6e+06

Sold-----------------------------------------------------------------
222, 363, 399, 519, 

Bought-----------------------------------------------------------------
252, 466, 484, 531, 

Number of illegal transfers--------------------------------------------------------------
3, 

-----------------------------------------------------------------
