Selected-----------------------------------------------------------------
23, 30, 128, 176, 186, 252, 259, 352, 394, 399, 481, 484, 547, 549, 584, 

Starting-----------------------------------------------------------------
23, 186, 252, 259, 352, 394, 481, 484, 547, 549, 584, 

Captain-----------------------------------------------------------------
481, 

Vice-Captain-----------------------------------------------------------------
484, 

Substitutes-----------------------------------------------------------------
128, 399, 176, 

Remaining budget-----------------------------------------------------------------
PREVIOUS GW: 4e+06
THIS GW: 8.9e+06

Sold-----------------------------------------------------------------
48, 125, 363, 606, 

Bought-----------------------------------------------------------------
23, 252, 484, 547, 

Number of illegal transfers--------------------------------------------------------------
3, 

-----------------------------------------------------------------
