Selected-----------------------------------------------------------------
23, 48, 90, 127, 137, 167, 234, 428, 481, 484, 520, 536, 548, 583, 584, 

Starting-----------------------------------------------------------------
48, 127, 137, 234, 428, 481, 484, 536, 548, 583, 584, 

Captain-----------------------------------------------------------------
481, 

Vice-Captain-----------------------------------------------------------------
484, 

Substitutes-----------------------------------------------------------------
520, 90, 167, 

Remaining budget-----------------------------------------------------------------
PREVIOUS GW: 1.2e+06
THIS GW: 400000

Sold-----------------------------------------------------------------
106, 397, 561, 579, 

Bought-----------------------------------------------------------------
137, 536, 548, 584, 

Number of illegal transfers--------------------------------------------------------------
3, 

-----------------------------------------------------------------
