Selected-----------------------------------------------------------------
25, 37, 75, 164, 213, 241, 259, 308, 365, 455, 463, 512, 557, 584, 592, 

Starting-----------------------------------------------------------------
25, 75, 213, 241, 308, 455, 463, 512, 557, 584, 592, 

Captain-----------------------------------------------------------------
455, 

Vice-Captain-----------------------------------------------------------------
241, 

Substitutes-----------------------------------------------------------------
365, 259, 164, 

Remaining budget-----------------------------------------------------------------
PREVIOUS GW: 1.7e+06
THIS GW: 6.6e+06

Sold-----------------------------------------------------------------
35, 89, 198, 428, 577, 

Bought-----------------------------------------------------------------
25, 213, 241, 463, 584, 

Number of illegal transfers--------------------------------------------------------------
4, 

-----------------------------------------------------------------
