Selected-----------------------------------------------------------------
12, 24, 104, 127, 128, 176, 186, 363, 406, 428, 481, 520, 548, 558, 598, 

Starting-----------------------------------------------------------------
12, 104, 128, 176, 186, 363, 428, 481, 548, 558, 598, 

Captain-----------------------------------------------------------------
363, 

Vice-Captain-----------------------------------------------------------------
548, 

Substitutes-----------------------------------------------------------------
127, 406, 520, 

Remaining budget-----------------------------------------------------------------
PREVIOUS GW: 1.3e+06
THIS GW: 600000

Sold-----------------------------------------------------------------
92, 397, 484, 606, 

Bought-----------------------------------------------------------------
186, 363, 428, 548, 

Number of illegal transfers--------------------------------------------------------------
3, 

-----------------------------------------------------------------
