Selected-----------------------------------------------------------------
48, 58, 90, 92, 104, 241, 259, 352, 399, 428, 484, 520, 557, 561, 606, 

Starting-----------------------------------------------------------------
48, 90, 104, 259, 352, 428, 484, 520, 557, 561, 606, 

Captain-----------------------------------------------------------------
520, 

Vice-Captain-----------------------------------------------------------------
352, 

Substitutes-----------------------------------------------------------------
399, 92, 241, 

Remaining budget-----------------------------------------------------------------
PREVIOUS GW: 600000
THIS GW: 300000

Sold-----------------------------------------------------------------
163, 330, 363, 552, 577, 

Bought-----------------------------------------------------------------
90, 352, 484, 561, 606, 

Number of illegal transfers--------------------------------------------------------------
4, 

-----------------------------------------------------------------
