Selected-----------------------------------------------------------------
12, 30, 75, 132, 164, 178, 237, 365, 415, 428, 495, 522, 548, 584, 621, 

Starting-----------------------------------------------------------------
12, 75, 164, 237, 365, 415, 428, 495, 522, 548, 584, 

Captain-----------------------------------------------------------------
428, 

Vice-Captain-----------------------------------------------------------------
75, 

Substitutes-----------------------------------------------------------------
178, 132, 621, 

Remaining budget-----------------------------------------------------------------
PREVIOUS GW: 7.2e+06
THIS GW: 2e+06

Sold-----------------------------------------------------------------
176, 229, 472, 536, 

Bought-----------------------------------------------------------------
75, 164, 365, 415, 

Number of illegal transfers--------------------------------------------------------------
3, 

-----------------------------------------------------------------
