Selected-----------------------------------------------------------------
1, 6, 78, 103, 105, 225, 236, 394, 405, 414, 415, 448, 599, 601, 606, 

Starting-----------------------------------------------------------------
1, 78, 105, 236, 394, 405, 414, 415, 599, 601, 606, 

Captain-----------------------------------------------------------------
415, 

Vice-Captain-----------------------------------------------------------------
414, 

Substitutes-----------------------------------------------------------------
103, 448, 

Remaining budget-----------------------------------------------------------------
PREVIOUS GW: 600000
THIS GW: 1.6e+06

Sold-----------------------------------------------------------------
174, 286, 530, 580, 581, 

Bought-----------------------------------------------------------------
225, 414, 415, 599, 601, 

Number of illegal transfers--------------------------------------------------------------
4, 

-----------------------------------------------------------------
