Selected-----------------------------------------------------------------
26, 50, 75, 96, 174, 186, 269, 330, 400, 415, 421, 489, 586, 592, 599, 

Starting-----------------------------------------------------------------
50, 174, 186, 269, 330, 400, 415, 421, 489, 586, 592, 

Captain-----------------------------------------------------------------
421, 

Vice-Captain-----------------------------------------------------------------
400, 

Substitutes-----------------------------------------------------------------
599, 75, 96, 

Remaining budget-----------------------------------------------------------------
PREVIOUS GW: 5e+06
THIS GW: 3.9e+06

Sold-----------------------------------------------------------------
79, 121, 282, 545, 

Bought-----------------------------------------------------------------
174, 269, 489, 586, 

Number of illegal transfers--------------------------------------------------------------
3, 

-----------------------------------------------------------------
