Selected-----------------------------------------------------------------
12, 48, 75, 92, 104, 106, 241, 330, 352, 363, 428, 520, 548, 561, 606, 

Starting-----------------------------------------------------------------
48, 92, 104, 106, 330, 352, 428, 520, 548, 561, 606, 

Captain-----------------------------------------------------------------
520, 

Vice-Captain-----------------------------------------------------------------
352, 

Substitutes-----------------------------------------------------------------
363, 241, 75, 

Remaining budget-----------------------------------------------------------------
PREVIOUS GW: 100000
THIS GW: 300000

Sold-----------------------------------------------------------------
399, 455, 577, 592, 

Bought-----------------------------------------------------------------
352, 520, 561, 606, 

Number of illegal transfers--------------------------------------------------------------
3, 

-----------------------------------------------------------------
