Selected-----------------------------------------------------------------
1, 37, 75, 89, 164, 198, 267, 365, 415, 489, 495, 512, 548, 584, 610, 

Starting-----------------------------------------------------------------
1, 75, 164, 198, 267, 365, 415, 489, 512, 548, 584, 

Captain-----------------------------------------------------------------
512, 

Vice-Captain-----------------------------------------------------------------
365, 

Substitutes-----------------------------------------------------------------
495, 89, 610, 

Remaining budget-----------------------------------------------------------------
PREVIOUS GW: 4.4e+06
THIS GW: 3.4e+06

Sold-----------------------------------------------------------------
178, 259, 265, 522, 

Bought-----------------------------------------------------------------
75, 198, 267, 512, 

Number of illegal transfers--------------------------------------------------------------
3, 

-----------------------------------------------------------------
