Selected-----------------------------------------------------------------
12, 48, 89, 104, 178, 241, 259, 330, 352, 394, 399, 520, 549, 577, 581, 

Starting-----------------------------------------------------------------
48, 89, 104, 259, 330, 352, 394, 399, 520, 577, 581, 

Captain-----------------------------------------------------------------
520, 

Vice-Captain-----------------------------------------------------------------
581, 

Substitutes-----------------------------------------------------------------
549, 241, 178, 

Remaining budget-----------------------------------------------------------------
PREVIOUS GW: 2e+06
THIS GW: 2.7e+06

Sold-----------------------------------------------------------------
75, 365, 455, 557, 

Bought-----------------------------------------------------------------
259, 352, 520, 581, 

Number of illegal transfers--------------------------------------------------------------
3, 

-----------------------------------------------------------------
