Selected-----------------------------------------------------------------
1, 48, 92, 104, 105, 127, 271, 397, 415, 481, 484, 520, 548, 558, 583, 

Starting-----------------------------------------------------------------
1, 92, 104, 105, 127, 397, 415, 481, 520, 558, 583, 

Captain-----------------------------------------------------------------
558, 

Vice-Captain-----------------------------------------------------------------
104, 

Substitutes-----------------------------------------------------------------
548, 484, 271, 

Remaining budget-----------------------------------------------------------------
PREVIOUS GW: 1.9e+06
THIS GW: 1.7e+06

Sold-----------------------------------------------------------------
12, 234, 427, 579, 

Bought-----------------------------------------------------------------
1, 104, 520, 558, 

Number of illegal transfers--------------------------------------------------------------
3, 

-----------------------------------------------------------------
