Selected-----------------------------------------------------------------
48, 58, 90, 105, 106, 167, 259, 352, 397, 399, 428, 484, 579, 583, 607, 

Starting-----------------------------------------------------------------
58, 105, 106, 167, 397, 399, 428, 484, 579, 583, 607, 

Captain-----------------------------------------------------------------
583, 

Vice-Captain-----------------------------------------------------------------
105, 

Substitutes-----------------------------------------------------------------
352, 90, 259, 

Remaining budget-----------------------------------------------------------------
PREVIOUS GW: 700000
THIS GW: 1.6e+06

Sold-----------------------------------------------------------------
158, 249, 520, 557, 

Bought-----------------------------------------------------------------
106, 167, 397, 607, 

Number of illegal transfers--------------------------------------------------------------
3, 

-----------------------------------------------------------------
