Selected-----------------------------------------------------------------
12, 44, 90, 104, 105, 106, 249, 352, 399, 428, 484, 510, 561, 579, 583, 

Starting-----------------------------------------------------------------
44, 104, 105, 106, 352, 399, 428, 484, 561, 579, 583, 

Captain-----------------------------------------------------------------
428, 

Vice-Captain-----------------------------------------------------------------
583, 

Substitutes-----------------------------------------------------------------
90, 510, 249, 

Remaining budget-----------------------------------------------------------------
PREVIOUS GW: 8.5e+06
THIS GW: 1.4e+06

Sold-----------------------------------------------------------------
259, 520, 548, 577, 

Bought-----------------------------------------------------------------
105, 399, 579, 583, 

Number of illegal transfers--------------------------------------------------------------
3, 

-----------------------------------------------------------------
