Selected-----------------------------------------------------------------
32, 58, 104, 213, 241, 249, 259, 330, 352, 399, 428, 520, 548, 557, 577, 

Starting-----------------------------------------------------------------
32, 104, 249, 259, 330, 399, 428, 520, 548, 557, 577, 

Captain-----------------------------------------------------------------
428, 

Vice-Captain-----------------------------------------------------------------
557, 

Substitutes-----------------------------------------------------------------
352, 213, 241, 

Remaining budget-----------------------------------------------------------------
PREVIOUS GW: 1.9e+06
THIS GW: 100000

Sold-----------------------------------------------------------------
25, 106, 455, 581, 

Bought-----------------------------------------------------------------
32, 104, 428, 577, 

Number of illegal transfers--------------------------------------------------------------
3, 

-----------------------------------------------------------------
