Selected-----------------------------------------------------------------
12, 23, 92, 96, 104, 106, 158, 352, 363, 399, 428, 484, 548, 557, 592, 

Starting-----------------------------------------------------------------
12, 104, 106, 158, 352, 363, 399, 428, 484, 557, 592, 

Captain-----------------------------------------------------------------
428, 

Vice-Captain-----------------------------------------------------------------
557, 

Substitutes-----------------------------------------------------------------
548, 92, 96, 

Remaining budget-----------------------------------------------------------------
PREVIOUS GW: 5.1e+06
THIS GW: 400000

Sold-----------------------------------------------------------------
75, 164, 455, 520, 

Bought-----------------------------------------------------------------
104, 158, 363, 399, 

Number of illegal transfers--------------------------------------------------------------
3, 

-----------------------------------------------------------------
