Selected-----------------------------------------------------------------
12, 23, 75, 104, 106, 163, 259, 330, 352, 394, 519, 520, 548, 577, 606, 

Starting-----------------------------------------------------------------
23, 104, 163, 259, 330, 352, 519, 520, 548, 577, 606, 

Captain-----------------------------------------------------------------
520, 

Vice-Captain-----------------------------------------------------------------
606, 

Substitutes-----------------------------------------------------------------
106, 394, 75, 

Remaining budget-----------------------------------------------------------------
PREVIOUS GW: 6.2e+06
THIS GW: 4.8e+06

Sold-----------------------------------------------------------------
52, 344, 412, 455, 558, 

Bought-----------------------------------------------------------------
23, 352, 519, 520, 606, 

Number of illegal transfers--------------------------------------------------------------
4, 

-----------------------------------------------------------------
