Selected-----------------------------------------------------------------
12, 48, 90, 104, 249, 259, 271, 352, 399, 428, 484, 520, 548, 557, 561, 

Starting-----------------------------------------------------------------
48, 90, 104, 259, 352, 428, 484, 520, 548, 557, 561, 

Captain-----------------------------------------------------------------
352, 

Vice-Captain-----------------------------------------------------------------
484, 

Substitutes-----------------------------------------------------------------
399, 249, 271, 

Remaining budget-----------------------------------------------------------------
PREVIOUS GW: 0
THIS GW: 4.2e+06

Sold-----------------------------------------------------------------
32, 213, 330, 344, 577, 

Bought-----------------------------------------------------------------
48, 90, 352, 484, 561, 

Number of illegal transfers--------------------------------------------------------------
4, 

-----------------------------------------------------------------
