Selected-----------------------------------------------------------------
1, 63, 104, 105, 106, 127, 271, 300, 397, 428, 481, 484, 558, 583, 598, 

Starting-----------------------------------------------------------------
1, 104, 106, 127, 300, 428, 481, 484, 558, 583, 598, 

Captain-----------------------------------------------------------------
558, 

Vice-Captain-----------------------------------------------------------------
104, 

Substitutes-----------------------------------------------------------------
397, 105, 271, 

Remaining budget-----------------------------------------------------------------
PREVIOUS GW: 4.4e+06
THIS GW: 400000

Sold-----------------------------------------------------------------
12, 234, 415, 536, 548, 610, 

Bought-----------------------------------------------------------------
1, 104, 300, 428, 558, 598, 

Number of illegal transfers--------------------------------------------------------------
5, 

-----------------------------------------------------------------
