Selected-----------------------------------------------------------------
16, 54, 75, 89, 164, 167, 241, 365, 394, 428, 455, 512, 557, 584, 592, 

Starting-----------------------------------------------------------------
54, 75, 167, 241, 394, 428, 455, 512, 557, 584, 592, 

Captain-----------------------------------------------------------------
455, 

Vice-Captain-----------------------------------------------------------------
584, 

Substitutes-----------------------------------------------------------------
365, 164, 89, 

Remaining budget-----------------------------------------------------------------
PREVIOUS GW: 3.6e+06
THIS GW: 300000

Sold-----------------------------------------------------------------
12, 221, 308, 621, 

Bought-----------------------------------------------------------------
54, 241, 512, 592, 

Number of illegal transfers--------------------------------------------------------------
3, 

-----------------------------------------------------------------
