Selected-----------------------------------------------------------------
12, 15, 104, 106, 127, 128, 176, 300, 361, 428, 481, 520, 583, 606, 608, 

Starting-----------------------------------------------------------------
12, 104, 106, 127, 128, 176, 361, 428, 481, 606, 608, 

Captain-----------------------------------------------------------------
128, 

Vice-Captain-----------------------------------------------------------------
104, 

Substitutes-----------------------------------------------------------------
520, 300, 583, 

Remaining budget-----------------------------------------------------------------
PREVIOUS GW: 1.8e+06
THIS GW: 700000

Sold-----------------------------------------------------------------
92, 261, 536, 558, 

Bought-----------------------------------------------------------------
104, 128, 361, 608, 

Number of illegal transfers--------------------------------------------------------------
3, 

-----------------------------------------------------------------
