Selected-----------------------------------------------------------------
12, 48, 75, 104, 106, 210, 241, 330, 352, 363, 455, 520, 548, 577, 584, 

Starting-----------------------------------------------------------------
48, 104, 106, 210, 330, 352, 363, 455, 520, 548, 584, 

Captain-----------------------------------------------------------------
520, 

Vice-Captain-----------------------------------------------------------------
352, 

Substitutes-----------------------------------------------------------------
577, 241, 75, 

Remaining budget-----------------------------------------------------------------
PREVIOUS GW: 1.2e+06
THIS GW: 7.3e+06

Sold-----------------------------------------------------------------
30, 178, 365, 394, 

Bought-----------------------------------------------------------------
48, 210, 352, 520, 

Number of illegal transfers--------------------------------------------------------------
3, 

-----------------------------------------------------------------
