Selected-----------------------------------------------------------------
24, 30, 106, 128, 176, 222, 259, 279, 330, 363, 399, 519, 548, 584, 606, 

Starting-----------------------------------------------------------------
30, 128, 176, 222, 259, 363, 399, 519, 548, 584, 606, 

Captain-----------------------------------------------------------------
259, 

Vice-Captain-----------------------------------------------------------------
606, 

Substitutes-----------------------------------------------------------------
330, 279, 106, 

Remaining budget-----------------------------------------------------------------
PREVIOUS GW: 3.5e+06
THIS GW: 1.1e+06

Sold-----------------------------------------------------------------
108, 186, 406, 549, 

Bought-----------------------------------------------------------------
222, 259, 399, 606, 

Number of illegal transfers--------------------------------------------------------------
3, 

-----------------------------------------------------------------
