Selected-----------------------------------------------------------------
35, 52, 75, 92, 164, 198, 267, 308, 365, 394, 428, 455, 557, 592, 610, 

Starting-----------------------------------------------------------------
35, 75, 92, 164, 308, 365, 394, 428, 455, 557, 592, 

Captain-----------------------------------------------------------------
308, 

Vice-Captain-----------------------------------------------------------------
365, 

Substitutes-----------------------------------------------------------------
198, 267, 610, 

Remaining budget-----------------------------------------------------------------
PREVIOUS GW: 200000
THIS GW: 2.6e+06

Sold-----------------------------------------------------------------
89, 406, 512, 584, 

Bought-----------------------------------------------------------------
92, 308, 394, 557, 

Number of illegal transfers--------------------------------------------------------------
3, 

-----------------------------------------------------------------
