Selected-----------------------------------------------------------------
12, 48, 92, 104, 105, 106, 271, 397, 415, 427, 481, 510, 579, 583, 606, 

Starting-----------------------------------------------------------------
12, 92, 105, 106, 271, 397, 415, 427, 481, 583, 606, 

Captain-----------------------------------------------------------------
481, 

Vice-Captain-----------------------------------------------------------------
415, 

Substitutes-----------------------------------------------------------------
104, 579, 510, 

Remaining budget-----------------------------------------------------------------
PREVIOUS GW: 1.6e+06
THIS GW: 1.6e+06

Sold-----------------------------------------------------------------
211, 428, 484, 561, 

Bought-----------------------------------------------------------------
271, 415, 481, 606, 

Number of illegal transfers--------------------------------------------------------------
3, 

-----------------------------------------------------------------
