Total expected points: 305.196
Selected-----------------------------------------------------------------
15, 25, 127, 166, 176, 229, 259, 361, 406, 415, 485, 495, 557, 584, 621, 

Starting-----------------------------------------------------------------
25, 127, 176, 259, 361, 406, 415, 485, 495, 557, 584, 

Captain-----------------------------------------------------------------
495, 

Vice-Captain-----------------------------------------------------------------
557, 

Substitutes-----------------------------------------------------------------
229, 166, 621, 

Remaining budget-----------------------------------------------------------------
1.5e+06, 

-----------------------------------------------------------------
