Selected-----------------------------------------------------------------
30, 48, 104, 127, 128, 176, 186, 326, 363, 428, 481, 520, 548, 584, 598, 

Starting-----------------------------------------------------------------
30, 104, 127, 128, 176, 186, 326, 363, 428, 481, 584, 

Captain-----------------------------------------------------------------
128, 

Vice-Captain-----------------------------------------------------------------
104, 

Substitutes-----------------------------------------------------------------
548, 598, 520, 

Remaining budget-----------------------------------------------------------------
PREVIOUS GW: 4.3e+06
THIS GW: 5.3e+06

Sold-----------------------------------------------------------------
12, 92, 484, 558, 

Bought-----------------------------------------------------------------
30, 186, 326, 584, 

Number of illegal transfers--------------------------------------------------------------
3, 

-----------------------------------------------------------------
