Selected-----------------------------------------------------------------
25, 52, 75, 155, 176, 221, 259, 365, 406, 415, 495, 522, 557, 584, 621, 

Starting-----------------------------------------------------------------
25, 75, 155, 176, 365, 406, 415, 495, 522, 557, 584, 

Captain-----------------------------------------------------------------
522, 

Vice-Captain-----------------------------------------------------------------
365, 

Substitutes-----------------------------------------------------------------
259, 221, 621, 

Remaining budget-----------------------------------------------------------------
PREVIOUS GW: 300000
THIS GW: 1.8e+06

Sold-----------------------------------------------------------------
131, 361, 536, 576, 

Bought-----------------------------------------------------------------
75, 365, 522, 621, 

Number of illegal transfers--------------------------------------------------------------
3, 

-----------------------------------------------------------------
