Selected-----------------------------------------------------------------
12, 48, 104, 105, 106, 127, 128, 300, 406, 481, 484, 536, 548, 598, 606, 

Starting-----------------------------------------------------------------
12, 104, 105, 106, 127, 128, 406, 481, 484, 598, 606, 

Captain-----------------------------------------------------------------
128, 

Vice-Captain-----------------------------------------------------------------
104, 

Substitutes-----------------------------------------------------------------
548, 300, 536, 

Remaining budget-----------------------------------------------------------------
PREVIOUS GW: 8.2e+06
THIS GW: 5.2e+06

Sold-----------------------------------------------------------------
92, 271, 428, 558, 

Bought-----------------------------------------------------------------
104, 128, 406, 606, 

Number of illegal transfers--------------------------------------------------------------
3, 

-----------------------------------------------------------------
