Selected-----------------------------------------------------------------
12, 15, 104, 106, 127, 128, 176, 363, 428, 481, 520, 522, 548, 583, 607, 

Starting-----------------------------------------------------------------
12, 104, 106, 128, 363, 428, 481, 522, 548, 583, 607, 

Captain-----------------------------------------------------------------
583, 

Vice-Captain-----------------------------------------------------------------
363, 

Substitutes-----------------------------------------------------------------
127, 176, 520, 

Remaining budget-----------------------------------------------------------------
PREVIOUS GW: 1.3e+06
THIS GW: 0

Sold-----------------------------------------------------------------
48, 352, 484, 606, 

Bought-----------------------------------------------------------------
12, 363, 522, 583, 

Number of illegal transfers--------------------------------------------------------------
3, 

-----------------------------------------------------------------
