Selected-----------------------------------------------------------------
30, 48, 105, 106, 127, 241, 259, 428, 455, 481, 484, 520, 583, 606, 607, 

Starting-----------------------------------------------------------------
48, 105, 106, 127, 428, 455, 481, 484, 520, 583, 606, 

Captain-----------------------------------------------------------------
484, 

Vice-Captain-----------------------------------------------------------------
481, 

Substitutes-----------------------------------------------------------------
607, 259, 241, 

Remaining budget-----------------------------------------------------------------
PREVIOUS GW: 1.7e+06
THIS GW: 300000

Sold-----------------------------------------------------------------
167, 363, 399, 579, 

Bought-----------------------------------------------------------------
127, 481, 520, 606, 

Number of illegal transfers--------------------------------------------------------------
3, 

-----------------------------------------------------------------
