Selected-----------------------------------------------------------------
15, 58, 106, 213, 241, 249, 271, 330, 335, 344, 412, 455, 548, 584, 592, 

Starting-----------------------------------------------------------------
58, 106, 213, 249, 330, 335, 344, 412, 455, 548, 584, 

Captain-----------------------------------------------------------------
330, 

Vice-Captain-----------------------------------------------------------------
335, 

Substitutes-----------------------------------------------------------------
592, 241, 271, 

Remaining budget-----------------------------------------------------------------
PREVIOUS GW: 9.5e+06
THIS GW: 1.18e+07

Sold-----------------------------------------------------------------
12, 92, 308, 449, 557, 

Bought-----------------------------------------------------------------
58, 249, 335, 344, 548, 

Number of illegal transfers--------------------------------------------------------------
4, 

-----------------------------------------------------------------
