Selected-----------------------------------------------------------------
1, 66, 92, 104, 106, 127, 271, 300, 428, 481, 484, 520, 548, 558, 598, 

Starting-----------------------------------------------------------------
1, 92, 104, 127, 300, 428, 481, 520, 548, 558, 598, 

Captain-----------------------------------------------------------------
558, 

Vice-Captain-----------------------------------------------------------------
300, 

Substitutes-----------------------------------------------------------------
484, 106, 271, 

Remaining budget-----------------------------------------------------------------
PREVIOUS GW: 5.2e+06
THIS GW: 6.7e+06

Sold-----------------------------------------------------------------
24, 234, 427, 536, 583, 610, 

Bought-----------------------------------------------------------------
1, 92, 300, 428, 558, 598, 

Number of illegal transfers--------------------------------------------------------------
5, 

-----------------------------------------------------------------
