Selected-----------------------------------------------------------------
30, 48, 125, 128, 176, 186, 259, 330, 363, 399, 481, 519, 577, 584, 606, 

Starting-----------------------------------------------------------------
48, 125, 128, 186, 259, 330, 399, 481, 577, 584, 606, 

Captain-----------------------------------------------------------------
399, 

Vice-Captain-----------------------------------------------------------------
606, 

Substitutes-----------------------------------------------------------------
363, 176, 519, 

Remaining budget-----------------------------------------------------------------
PREVIOUS GW: 1.8e+06
THIS GW: 1.1e+06

Sold-----------------------------------------------------------------
104, 279, 406, 598, 

Bought-----------------------------------------------------------------
125, 399, 481, 577, 

Number of illegal transfers--------------------------------------------------------------
3, 

-----------------------------------------------------------------
