Selected-----------------------------------------------------------------
15, 44, 75, 89, 164, 176, 267, 344, 365, 394, 428, 455, 548, 557, 584, 

Starting-----------------------------------------------------------------
44, 75, 164, 267, 344, 365, 394, 428, 455, 557, 584, 

Captain-----------------------------------------------------------------
428, 

Vice-Captain-----------------------------------------------------------------
365, 

Substitutes-----------------------------------------------------------------
176, 548, 89, 

Remaining budget-----------------------------------------------------------------
PREVIOUS GW: 100000
THIS GW: 0

Sold-----------------------------------------------------------------
12, 178, 186, 274, 495, 522, 583, 

Bought-----------------------------------------------------------------
44, 164, 267, 344, 428, 455, 557, 

Number of illegal transfers--------------------------------------------------------------
6, 

-----------------------------------------------------------------
