Selected-----------------------------------------------------------------
12, 44, 105, 106, 167, 241, 249, 352, 363, 399, 428, 484, 557, 561, 579, 

Starting-----------------------------------------------------------------
44, 105, 106, 167, 352, 363, 399, 428, 484, 557, 579, 

Captain-----------------------------------------------------------------
428, 

Vice-Captain-----------------------------------------------------------------
557, 

Substitutes-----------------------------------------------------------------
561, 249, 241, 

Remaining budget-----------------------------------------------------------------
PREVIOUS GW: 4.4e+06
THIS GW: 0

Sold-----------------------------------------------------------------
54, 92, 210, 520, 548, 

Bought-----------------------------------------------------------------
44, 105, 167, 399, 579, 

Number of illegal transfers--------------------------------------------------------------
4, 

-----------------------------------------------------------------
