Selected-----------------------------------------------------------------
6, 44, 104, 177, 187, 232, 245, 282, 329, 386, 484, 500, 553, 603, 606, 

Starting-----------------------------------------------------------------
44, 104, 177, 187, 232, 245, 329, 386, 484, 500, 606, 

Captain-----------------------------------------------------------------
245, 

Vice-Captain-----------------------------------------------------------------
104, 

Substitutes-----------------------------------------------------------------
603, 282, 553, 

Remaining budget-----------------------------------------------------------------
PREVIOUS GW: 1.9e+06
THIS GW: 2.3e+06

Sold-----------------------------------------------------------------
154, 185, 223, 427, 

Bought-----------------------------------------------------------------
104, 187, 245, 500, 

Number of illegal transfers--------------------------------------------------------------
3, 

-----------------------------------------------------------------
