Selected-----------------------------------------------------------------
12, 48, 90, 105, 106, 167, 249, 352, 399, 428, 484, 520, 557, 579, 607, 

Starting-----------------------------------------------------------------
48, 105, 106, 167, 352, 399, 428, 484, 557, 579, 607, 

Captain-----------------------------------------------------------------
428, 

Vice-Captain-----------------------------------------------------------------
399, 

Substitutes-----------------------------------------------------------------
90, 520, 249, 

Remaining budget-----------------------------------------------------------------
PREVIOUS GW: 1e+06
THIS GW: 4.4e+06

Sold-----------------------------------------------------------------
89, 259, 548, 606, 

Bought-----------------------------------------------------------------
105, 167, 579, 607, 

Number of illegal transfers--------------------------------------------------------------
3, 

-----------------------------------------------------------------
