Selected-----------------------------------------------------------------
23, 30, 79, 128, 186, 252, 259, 281, 386, 394, 481, 484, 547, 549, 584, 

Starting-----------------------------------------------------------------
23, 79, 252, 259, 281, 394, 481, 484, 547, 549, 584, 

Captain-----------------------------------------------------------------
481, 

Vice-Captain-----------------------------------------------------------------
484, 

Substitutes-----------------------------------------------------------------
186, 386, 128, 

Remaining budget-----------------------------------------------------------------
PREVIOUS GW: 2e+06
THIS GW: 6.6e+06

Sold-----------------------------------------------------------------
170, 363, 399, 606, 

Bought-----------------------------------------------------------------
79, 281, 484, 547, 

Number of illegal transfers--------------------------------------------------------------
3, 

-----------------------------------------------------------------
