Selected-----------------------------------------------------------------
30, 54, 75, 131, 132, 164, 267, 365, 455, 489, 495, 512, 557, 577, 584, 

Starting-----------------------------------------------------------------
54, 75, 164, 267, 365, 455, 489, 495, 512, 557, 584, 

Captain-----------------------------------------------------------------
584, 

Vice-Captain-----------------------------------------------------------------
455, 

Substitutes-----------------------------------------------------------------
577, 131, 132, 

Remaining budget-----------------------------------------------------------------
PREVIOUS GW: 0
THIS GW: 3.6e+06

Sold-----------------------------------------------------------------
12, 415, 428, 522, 549, 

Bought-----------------------------------------------------------------
54, 455, 489, 512, 584, 

Number of illegal transfers--------------------------------------------------------------
4, 

-----------------------------------------------------------------
