Selected-----------------------------------------------------------------
12, 48, 104, 106, 127, 128, 176, 300, 406, 415, 481, 484, 548, 552, 583, 

Starting-----------------------------------------------------------------
12, 104, 106, 127, 128, 176, 406, 415, 481, 484, 583, 

Captain-----------------------------------------------------------------
481, 

Vice-Captain-----------------------------------------------------------------
484, 

Substitutes-----------------------------------------------------------------
548, 552, 300, 

Remaining budget-----------------------------------------------------------------
PREVIOUS GW: 4.1e+06
THIS GW: 400000

Sold-----------------------------------------------------------------
92, 210, 241, 428, 522, 

Bought-----------------------------------------------------------------
106, 128, 176, 406, 415, 

Number of illegal transfers--------------------------------------------------------------
4, 

-----------------------------------------------------------------
