Selected-----------------------------------------------------------------
9, 30, 131, 171, 203, 205, 259, 338, 350, 481, 484, 489, 557, 561, 581, 

Starting-----------------------------------------------------------------
9, 131, 171, 203, 338, 350, 484, 489, 557, 561, 581, 

Captain-----------------------------------------------------------------
131, 

Vice-Captain-----------------------------------------------------------------
171, 

Substitutes-----------------------------------------------------------------
205, 481, 259, 

Remaining budget-----------------------------------------------------------------
PREVIOUS GW: 8.3e+06
THIS GW: 8.6e+06

Sold-----------------------------------------------------------------
79, 281, 549, 577, 

Bought-----------------------------------------------------------------
171, 338, 557, 561, 

Number of illegal transfers--------------------------------------------------------------
3, 

-----------------------------------------------------------------
