Selected-----------------------------------------------------------------
12, 48, 92, 104, 127, 179, 234, 397, 428, 481, 484, 522, 548, 552, 583, 

Starting-----------------------------------------------------------------
12, 92, 104, 127, 397, 428, 481, 484, 522, 548, 583, 

Captain-----------------------------------------------------------------
583, 

Vice-Captain-----------------------------------------------------------------
428, 

Substitutes-----------------------------------------------------------------
234, 552, 179, 

Remaining budget-----------------------------------------------------------------
PREVIOUS GW: 1.6e+06
THIS GW: 0

Sold-----------------------------------------------------------------
18, 105, 300, 520, 

Bought-----------------------------------------------------------------
12, 92, 397, 522, 

Number of illegal transfers--------------------------------------------------------------
3, 

-----------------------------------------------------------------
