Selected-----------------------------------------------------------------
12, 44, 75, 89, 106, 241, 259, 308, 330, 365, 412, 455, 548, 584, 592, 

Starting-----------------------------------------------------------------
12, 89, 106, 241, 308, 330, 365, 412, 455, 584, 592, 

Captain-----------------------------------------------------------------
330, 

Vice-Captain-----------------------------------------------------------------
106, 

Substitutes-----------------------------------------------------------------
75, 548, 259, 

Remaining budget-----------------------------------------------------------------
PREVIOUS GW: 1.05e+07
THIS GW: 9.3e+06

Sold-----------------------------------------------------------------
52, 164, 489, 512, 

Bought-----------------------------------------------------------------
12, 106, 330, 412, 

Number of illegal transfers--------------------------------------------------------------
3, 

-----------------------------------------------------------------
