Selected-----------------------------------------------------------------
25, 48, 105, 106, 176, 211, 241, 344, 352, 397, 428, 484, 557, 579, 583, 

Starting-----------------------------------------------------------------
48, 105, 106, 176, 352, 397, 428, 484, 557, 579, 583, 

Captain-----------------------------------------------------------------
105, 

Vice-Captain-----------------------------------------------------------------
397, 

Substitutes-----------------------------------------------------------------
241, 344, 211, 

Remaining budget-----------------------------------------------------------------
PREVIOUS GW: 3.7e+06
THIS GW: 1e+06

Sold-----------------------------------------------------------------
259, 520, 561, 606, 

Bought-----------------------------------------------------------------
105, 397, 579, 583, 

Number of illegal transfers--------------------------------------------------------------
3, 

-----------------------------------------------------------------
