Selected-----------------------------------------------------------------
12, 15, 90, 104, 105, 106, 267, 352, 397, 399, 428, 484, 579, 583, 607, 

Starting-----------------------------------------------------------------
12, 104, 105, 106, 397, 399, 428, 484, 579, 583, 607, 

Captain-----------------------------------------------------------------
583, 

Vice-Captain-----------------------------------------------------------------
105, 

Substitutes-----------------------------------------------------------------
352, 90, 267, 

Remaining budget-----------------------------------------------------------------
PREVIOUS GW: 200000
THIS GW: 300000

Sold-----------------------------------------------------------------
48, 259, 510, 557, 

Bought-----------------------------------------------------------------
12, 106, 397, 607, 

Number of illegal transfers--------------------------------------------------------------
3, 

-----------------------------------------------------------------
