Selected-----------------------------------------------------------------
1, 30, 78, 104, 106, 171, 237, 284, 307, 363, 406, 484, 549, 557, 561, 

Starting-----------------------------------------------------------------
1, 78, 104, 106, 171, 284, 307, 406, 549, 557, 561, 

Captain-----------------------------------------------------------------
1, 

Vice-Captain-----------------------------------------------------------------
106, 

Substitutes-----------------------------------------------------------------
363, 484, 237, 

Remaining budget-----------------------------------------------------------------
PREVIOUS GW: 1.37e+07
THIS GW: 7e+06

Sold-----------------------------------------------------------------
17, 154, 177, 232, 338, 463, 581, 

Bought-----------------------------------------------------------------
1, 78, 104, 106, 284, 406, 557, 

Number of illegal transfers--------------------------------------------------------------
6, 

-----------------------------------------------------------------
