Selected-----------------------------------------------------------------
12, 44, 89, 106, 241, 249, 259, 330, 352, 399, 455, 520, 548, 581, 584, 

Starting-----------------------------------------------------------------
44, 106, 249, 259, 330, 352, 399, 520, 548, 581, 584, 

Captain-----------------------------------------------------------------
520, 

Vice-Captain-----------------------------------------------------------------
581, 

Substitutes-----------------------------------------------------------------
455, 89, 241, 

Remaining budget-----------------------------------------------------------------
PREVIOUS GW: 200000
THIS GW: 3e+06

Sold-----------------------------------------------------------------
75, 308, 394, 557, 577, 

Bought-----------------------------------------------------------------
259, 352, 520, 548, 581, 

Number of illegal transfers--------------------------------------------------------------
4, 

-----------------------------------------------------------------
