Selected-----------------------------------------------------------------
12, 48, 104, 106, 108, 128, 176, 300, 361, 406, 481, 522, 558, 598, 606, 

Starting-----------------------------------------------------------------
12, 104, 106, 108, 128, 176, 361, 406, 481, 598, 606, 

Captain-----------------------------------------------------------------
128, 

Vice-Captain-----------------------------------------------------------------
104, 

Substitutes-----------------------------------------------------------------
522, 300, 558, 

Remaining budget-----------------------------------------------------------------
PREVIOUS GW: 5.2e+06
THIS GW: 4.5e+06

Sold-----------------------------------------------------------------
92, 127, 428, 536, 

Bought-----------------------------------------------------------------
108, 176, 361, 406, 

Number of illegal transfers--------------------------------------------------------------
3, 

-----------------------------------------------------------------
