Selected-----------------------------------------------------------------
12, 24, 127, 128, 176, 186, 259, 300, 363, 415, 481, 484, 548, 584, 606, 

Starting-----------------------------------------------------------------
24, 128, 176, 259, 363, 415, 481, 484, 548, 584, 606, 

Captain-----------------------------------------------------------------
606, 

Vice-Captain-----------------------------------------------------------------
481, 

Substitutes-----------------------------------------------------------------
127, 186, 300, 

Remaining budget-----------------------------------------------------------------
PREVIOUS GW: 200000
THIS GW: 0

Sold-----------------------------------------------------------------
104, 106, 330, 522, 552, 583, 

Bought-----------------------------------------------------------------
176, 259, 363, 484, 548, 606, 

Number of illegal transfers--------------------------------------------------------------
5, 

-----------------------------------------------------------------
