Selected-----------------------------------------------------------------
12, 24, 121, 128, 186, 222, 259, 352, 386, 399, 481, 531, 549, 577, 584, 

Starting-----------------------------------------------------------------
12, 121, 186, 222, 352, 399, 481, 531, 549, 577, 584, 

Captain-----------------------------------------------------------------
481, 

Vice-Captain-----------------------------------------------------------------
399, 

Substitutes-----------------------------------------------------------------
386, 259, 128, 

Remaining budget-----------------------------------------------------------------
PREVIOUS GW: 8.7e+06
THIS GW: 7.6e+06

Sold-----------------------------------------------------------------
125, 300, 335, 576, 

Bought-----------------------------------------------------------------
121, 352, 481, 577, 

Number of illegal transfers--------------------------------------------------------------
3, 

-----------------------------------------------------------------
