Selected-----------------------------------------------------------------
12, 25, 75, 106, 213, 249, 271, 315, 330, 335, 394, 399, 548, 577, 584, 

Starting-----------------------------------------------------------------
12, 75, 106, 249, 315, 330, 335, 394, 399, 548, 577, 

Captain-----------------------------------------------------------------
330, 

Vice-Captain-----------------------------------------------------------------
106, 

Substitutes-----------------------------------------------------------------
584, 271, 213, 

Remaining budget-----------------------------------------------------------------
PREVIOUS GW: 5.8e+06
THIS GW: 300000

Sold-----------------------------------------------------------------
241, 308, 455, 512, 

Bought-----------------------------------------------------------------
249, 315, 394, 399, 

Number of illegal transfers--------------------------------------------------------------
3, 

-----------------------------------------------------------------
