Selected-----------------------------------------------------------------
9, 35, 131, 154, 171, 177, 237, 307, 338, 350, 481, 484, 549, 561, 581, 

Starting-----------------------------------------------------------------
9, 154, 171, 177, 237, 307, 481, 484, 549, 561, 581, 

Captain-----------------------------------------------------------------
484, 

Vice-Captain-----------------------------------------------------------------
171, 

Substitutes-----------------------------------------------------------------
131, 338, 350, 

Remaining budget-----------------------------------------------------------------
PREVIOUS GW: 7e+06
THIS GW: 1.2e+07

Sold-----------------------------------------------------------------
203, 205, 489, 557, 

Bought-----------------------------------------------------------------
154, 237, 307, 549, 

Number of illegal transfers--------------------------------------------------------------
3, 

-----------------------------------------------------------------
