Selected-----------------------------------------------------------------
12, 48, 106, 213, 241, 249, 271, 330, 335, 394, 399, 428, 548, 577, 592, 

Starting-----------------------------------------------------------------
12, 106, 249, 271, 330, 335, 394, 399, 428, 548, 577, 

Captain-----------------------------------------------------------------
330, 

Vice-Captain-----------------------------------------------------------------
106, 

Substitutes-----------------------------------------------------------------
592, 213, 241, 

Remaining budget-----------------------------------------------------------------
PREVIOUS GW: 4.8e+06
THIS GW: 0

Sold-----------------------------------------------------------------
35, 259, 308, 455, 584, 

Bought-----------------------------------------------------------------
12, 249, 394, 399, 577, 

Number of illegal transfers--------------------------------------------------------------
4, 

-----------------------------------------------------------------
