Selected-----------------------------------------------------------------
35, 54, 75, 164, 213, 241, 267, 308, 365, 455, 463, 512, 557, 584, 592, 

Starting-----------------------------------------------------------------
54, 75, 213, 241, 308, 455, 463, 512, 557, 584, 592, 

Captain-----------------------------------------------------------------
455, 

Vice-Captain-----------------------------------------------------------------
241, 

Substitutes-----------------------------------------------------------------
365, 267, 164, 

Remaining budget-----------------------------------------------------------------
PREVIOUS GW: 900000
THIS GW: 5.8e+06

Sold-----------------------------------------------------------------
89, 198, 394, 428, 548, 

Bought-----------------------------------------------------------------
213, 241, 463, 512, 584, 

Number of illegal transfers--------------------------------------------------------------
4, 

-----------------------------------------------------------------
