Selected-----------------------------------------------------------------
25, 52, 75, 89, 105, 106, 241, 308, 330, 365, 412, 455, 548, 584, 592, 

Starting-----------------------------------------------------------------
25, 89, 105, 106, 241, 308, 330, 365, 412, 455, 584, 

Captain-----------------------------------------------------------------
330, 

Vice-Captain-----------------------------------------------------------------
106, 

Substitutes-----------------------------------------------------------------
592, 75, 548, 

Remaining budget-----------------------------------------------------------------
PREVIOUS GW: 1.05e+07
THIS GW: 8.7e+06

Sold-----------------------------------------------------------------
164, 259, 489, 512, 

Bought-----------------------------------------------------------------
105, 106, 330, 412, 

Number of illegal transfers--------------------------------------------------------------
3, 

-----------------------------------------------------------------
