Selected-----------------------------------------------------------------
15, 54, 75, 89, 164, 198, 267, 365, 394, 428, 489, 512, 584, 592, 610, 

Starting-----------------------------------------------------------------
54, 75, 164, 198, 267, 365, 394, 428, 489, 512, 592, 

Captain-----------------------------------------------------------------
512, 

Vice-Captain-----------------------------------------------------------------
365, 

Substitutes-----------------------------------------------------------------
584, 89, 610, 

Remaining budget-----------------------------------------------------------------
PREVIOUS GW: 1.2e+06
THIS GW: 400000

Sold-----------------------------------------------------------------
128, 178, 183, 259, 472, 495, 522, 583, 

Bought-----------------------------------------------------------------
75, 164, 198, 267, 365, 394, 512, 592, 

Number of illegal transfers--------------------------------------------------------------
7, 

-----------------------------------------------------------------
