Selected-----------------------------------------------------------------
23, 37, 92, 104, 127, 158, 271, 397, 427, 481, 484, 536, 583, 606, 610, 

Starting-----------------------------------------------------------------
37, 92, 127, 271, 427, 481, 484, 536, 583, 606, 610, 

Captain-----------------------------------------------------------------
481, 

Vice-Captain-----------------------------------------------------------------
127, 

Substitutes-----------------------------------------------------------------
397, 104, 158, 

Remaining budget-----------------------------------------------------------------
PREVIOUS GW: 2.1e+06
THIS GW: 1.7e+06

Sold-----------------------------------------------------------------
105, 415, 510, 615, 

Bought-----------------------------------------------------------------
127, 484, 536, 610, 

Number of illegal transfers--------------------------------------------------------------
3, 

-----------------------------------------------------------------
