Selected-----------------------------------------------------------------
20, 48, 104, 128, 186, 252, 259, 326, 330, 402, 481, 531, 549, 581, 584, 

Starting-----------------------------------------------------------------
48, 104, 128, 252, 259, 326, 330, 481, 549, 581, 584, 

Captain-----------------------------------------------------------------
584, 

Vice-Captain-----------------------------------------------------------------
330, 

Substitutes-----------------------------------------------------------------
531, 402, 186, 

Remaining budget-----------------------------------------------------------------
PREVIOUS GW: 1.5e+06
THIS GW: 400000

Sold-----------------------------------------------------------------
164, 363, 484, 606, 

Bought-----------------------------------------------------------------
252, 326, 330, 581, 

Number of illegal transfers--------------------------------------------------------------
3, 

-----------------------------------------------------------------
