Selected-----------------------------------------------------------------
24, 48, 104, 106, 127, 176, 271, 352, 415, 427, 481, 484, 583, 606, 610, 

Starting-----------------------------------------------------------------
24, 106, 127, 271, 415, 427, 481, 484, 583, 606, 610, 

Captain-----------------------------------------------------------------
481, 

Vice-Captain-----------------------------------------------------------------
127, 

Substitutes-----------------------------------------------------------------
176, 352, 104, 

Remaining budget-----------------------------------------------------------------
PREVIOUS GW: 700000
THIS GW: 600000

Sold-----------------------------------------------------------------
23, 105, 397, 579, 

Bought-----------------------------------------------------------------
24, 127, 484, 610, 

Number of illegal transfers--------------------------------------------------------------
3, 

-----------------------------------------------------------------
