Selected-----------------------------------------------------------------
12, 25, 92, 106, 213, 241, 271, 308, 330, 412, 449, 455, 557, 584, 592, 

Starting-----------------------------------------------------------------
12, 92, 106, 241, 271, 308, 330, 412, 455, 557, 584, 

Captain-----------------------------------------------------------------
330, 

Vice-Captain-----------------------------------------------------------------
106, 

Substitutes-----------------------------------------------------------------
449, 213, 592, 

Remaining budget-----------------------------------------------------------------
PREVIOUS GW: 7.7e+06
THIS GW: 8.4e+06

Sold-----------------------------------------------------------------
35, 75, 164, 267, 463, 512, 

Bought-----------------------------------------------------------------
12, 92, 106, 271, 330, 412, 

Number of illegal transfers--------------------------------------------------------------
5, 

-----------------------------------------------------------------
