Selected-----------------------------------------------------------------
15, 26, 96, 100, 103, 174, 192, 282, 330, 400, 414, 500, 545, 599, 606, 

Starting-----------------------------------------------------------------
15, 96, 100, 103, 282, 330, 400, 414, 500, 545, 606, 

Captain-----------------------------------------------------------------
545, 

Vice-Captain-----------------------------------------------------------------
400, 

Substitutes-----------------------------------------------------------------
174, 599, 192, 

Remaining budget-----------------------------------------------------------------
PREVIOUS GW: 3.2e+06
THIS GW: 1.8e+06

Sold-----------------------------------------------------------------
65, 78, 236, 415, 458, 601, 

Bought-----------------------------------------------------------------
15, 96, 100, 282, 400, 545, 

Number of illegal transfers--------------------------------------------------------------
5, 

-----------------------------------------------------------------
