Selected-----------------------------------------------------------------
33, 44, 92, 104, 106, 127, 210, 397, 428, 481, 484, 536, 583, 598, 607, 

Starting-----------------------------------------------------------------
33, 92, 104, 106, 127, 397, 428, 481, 484, 583, 598, 

Captain-----------------------------------------------------------------
104, 

Vice-Captain-----------------------------------------------------------------
397, 

Substitutes-----------------------------------------------------------------
210, 536, 607, 

Remaining budget-----------------------------------------------------------------
PREVIOUS GW: 1.7e+06
THIS GW: 2.5e+06

Sold-----------------------------------------------------------------
37, 234, 352, 427, 584, 

Bought-----------------------------------------------------------------
33, 92, 397, 428, 598, 

Number of illegal transfers--------------------------------------------------------------
4, 

-----------------------------------------------------------------
