Selected-----------------------------------------------------------------
12, 33, 125, 128, 176, 186, 259, 300, 363, 399, 415, 481, 549, 584, 606, 

Starting-----------------------------------------------------------------
33, 125, 128, 186, 300, 399, 415, 481, 549, 584, 606, 

Captain-----------------------------------------------------------------
606, 

Vice-Captain-----------------------------------------------------------------
399, 

Substitutes-----------------------------------------------------------------
176, 259, 363, 

Remaining budget-----------------------------------------------------------------
PREVIOUS GW: 1.04e+07
THIS GW: 4.1e+06

Sold-----------------------------------------------------------------
222, 519, 522, 582, 608, 

Bought-----------------------------------------------------------------
125, 399, 481, 549, 584, 

Number of illegal transfers--------------------------------------------------------------
4, 

-----------------------------------------------------------------
