Selected-----------------------------------------------------------------
1, 30, 78, 106, 131, 171, 265, 330, 350, 406, 428, 484, 547, 549, 576, 

Starting-----------------------------------------------------------------
1, 78, 106, 131, 171, 265, 330, 406, 428, 549, 576, 

Captain-----------------------------------------------------------------
171, 

Vice-Captain-----------------------------------------------------------------
406, 

Substitutes-----------------------------------------------------------------
484, 350, 547, 

Remaining budget-----------------------------------------------------------------
PREVIOUS GW: 9.4e+06
THIS GW: 1.9e+06

Sold-----------------------------------------------------------------
37, 177, 237, 352, 489, 581, 

Bought-----------------------------------------------------------------
1, 78, 106, 406, 428, 576, 

Number of illegal transfers--------------------------------------------------------------
5, 

-----------------------------------------------------------------
