Selected-----------------------------------------------------------------
20, 48, 104, 128, 176, 186, 259, 363, 399, 402, 481, 531, 549, 584, 606, 

Starting-----------------------------------------------------------------
20, 176, 186, 259, 363, 399, 402, 481, 549, 584, 606, 

Captain-----------------------------------------------------------------
399, 

Vice-Captain-----------------------------------------------------------------
481, 

Substitutes-----------------------------------------------------------------
531, 128, 104, 

Remaining budget-----------------------------------------------------------------
PREVIOUS GW: 7.7e+06
THIS GW: 1e+06

Sold-----------------------------------------------------------------
24, 127, 335, 607, 

Bought-----------------------------------------------------------------
20, 186, 399, 606, 

Number of illegal transfers--------------------------------------------------------------
3, 

-----------------------------------------------------------------
