Total expected points: 599.887
Selected-----------------------------------------------------------------
12, 30, 132, 176, 178, 221, 229, 428, 472, 495, 522, 536, 548, 584, 608, 

Starting-----------------------------------------------------------------
12, 132, 176, 178, 428, 472, 495, 522, 536, 548, 584, 

Captain-----------------------------------------------------------------
495, 

Vice-Captain-----------------------------------------------------------------
522, 

Substitutes-----------------------------------------------------------------
608, 229, 221, 

Remaining budget-----------------------------------------------------------------
6.6e+06, 

-----------------------------------------------------------------
