Selected-----------------------------------------------------------------
12, 17, 106, 125, 127, 128, 259, 363, 399, 428, 481, 510, 549, 606, 608, 

Starting-----------------------------------------------------------------
17, 125, 128, 259, 363, 399, 428, 481, 549, 606, 608, 

Captain-----------------------------------------------------------------
606, 

Vice-Captain-----------------------------------------------------------------
399, 

Substitutes-----------------------------------------------------------------
127, 510, 106, 

Remaining budget-----------------------------------------------------------------
PREVIOUS GW: 2.4e+06
THIS GW: 3e+06

Sold-----------------------------------------------------------------
44, 104, 352, 548, 

Bought-----------------------------------------------------------------
17, 125, 399, 549, 

Number of illegal transfers--------------------------------------------------------------
3, 

-----------------------------------------------------------------
