Selected-----------------------------------------------------------------
1, 9, 104, 105, 106, 203, 256, 307, 363, 406, 428, 484, 549, 561, 606, 

Starting-----------------------------------------------------------------
1, 104, 105, 106, 203, 256, 363, 406, 428, 549, 606, 

Captain-----------------------------------------------------------------
428, 

Vice-Captain-----------------------------------------------------------------
105, 

Substitutes-----------------------------------------------------------------
484, 561, 307, 

Remaining budget-----------------------------------------------------------------
PREVIOUS GW: 5.2e+06
THIS GW: 1.4e+06

Sold-----------------------------------------------------------------
78, 171, 338, 581, 

Bought-----------------------------------------------------------------
105, 203, 428, 606, 

Number of illegal transfers--------------------------------------------------------------
3, 

-----------------------------------------------------------------
