Selected-----------------------------------------------------------------
28, 38, 177, 220, 223, 232, 257, 279, 400, 427, 484, 490, 553, 559, 577, 

Starting-----------------------------------------------------------------
28, 177, 223, 232, 257, 279, 400, 427, 484, 559, 577, 

Captain-----------------------------------------------------------------
279, 

Vice-Captain-----------------------------------------------------------------
177, 

Substitutes-----------------------------------------------------------------
553, 220, 490, 

Remaining budget-----------------------------------------------------------------
PREVIOUS GW: 4.2e+06
THIS GW: 800000

Sold-----------------------------------------------------------------
47, 171, 402, 581, 621, 

Bought-----------------------------------------------------------------
28, 257, 400, 559, 577, 

Number of illegal transfers--------------------------------------------------------------
4, 

-----------------------------------------------------------------
