Selected-----------------------------------------------------------------
12, 30, 104, 127, 128, 176, 186, 326, 363, 428, 481, 484, 548, 584, 610, 

Starting-----------------------------------------------------------------
30, 104, 127, 128, 176, 186, 326, 363, 428, 481, 584, 

Captain-----------------------------------------------------------------
128, 

Vice-Captain-----------------------------------------------------------------
104, 

Substitutes-----------------------------------------------------------------
484, 548, 610, 

Remaining budget-----------------------------------------------------------------
PREVIOUS GW: 600000
THIS GW: 200000

Sold-----------------------------------------------------------------
44, 75, 520, 558, 

Bought-----------------------------------------------------------------
30, 186, 326, 584, 

Number of illegal transfers--------------------------------------------------------------
3, 

-----------------------------------------------------------------
