Selected-----------------------------------------------------------------
12, 48, 104, 105, 158, 210, 249, 352, 363, 399, 428, 484, 548, 557, 579, 

Starting-----------------------------------------------------------------
48, 104, 105, 158, 352, 363, 399, 428, 484, 557, 579, 

Captain-----------------------------------------------------------------
428, 

Vice-Captain-----------------------------------------------------------------
557, 

Substitutes-----------------------------------------------------------------
548, 249, 210, 

Remaining budget-----------------------------------------------------------------
PREVIOUS GW: 4.5e+06
THIS GW: 600000

Sold-----------------------------------------------------------------
92, 241, 520, 577, 

Bought-----------------------------------------------------------------
105, 158, 399, 579, 

Number of illegal transfers--------------------------------------------------------------
3, 

-----------------------------------------------------------------
