Selected-----------------------------------------------------------------
23, 48, 96, 106, 127, 167, 241, 428, 455, 481, 484, 520, 579, 583, 606, 

Starting-----------------------------------------------------------------
48, 96, 106, 127, 428, 481, 484, 520, 579, 583, 606, 

Captain-----------------------------------------------------------------
484, 

Vice-Captain-----------------------------------------------------------------
481, 

Substitutes-----------------------------------------------------------------
167, 455, 241, 

Remaining budget-----------------------------------------------------------------
PREVIOUS GW: 200000
THIS GW: 400000

Sold-----------------------------------------------------------------
104, 363, 399, 557, 

Bought-----------------------------------------------------------------
127, 481, 484, 606, 

Number of illegal transfers--------------------------------------------------------------
3, 

-----------------------------------------------------------------
