Selected-----------------------------------------------------------------
30, 54, 75, 92, 164, 241, 267, 365, 455, 481, 489, 512, 557, 577, 584, 

Starting-----------------------------------------------------------------
54, 75, 241, 267, 365, 455, 481, 489, 512, 557, 584, 

Captain-----------------------------------------------------------------
584, 

Vice-Captain-----------------------------------------------------------------
512, 

Substitutes-----------------------------------------------------------------
577, 164, 92, 

Remaining budget-----------------------------------------------------------------
PREVIOUS GW: 600000
THIS GW: 1.1e+06

Sold-----------------------------------------------------------------
44, 132, 415, 428, 522, 621, 

Bought-----------------------------------------------------------------
54, 241, 481, 489, 512, 584, 

Number of illegal transfers--------------------------------------------------------------
5, 

-----------------------------------------------------------------
