Selected-----------------------------------------------------------------
18, 48, 106, 127, 136, 176, 234, 427, 428, 481, 484, 536, 548, 552, 583, 

Starting-----------------------------------------------------------------
48, 127, 176, 234, 427, 428, 481, 484, 536, 548, 583, 

Captain-----------------------------------------------------------------
481, 

Vice-Captain-----------------------------------------------------------------
484, 

Substitutes-----------------------------------------------------------------
552, 106, 136, 

Remaining budget-----------------------------------------------------------------
PREVIOUS GW: 100000
THIS GW: 0

Sold-----------------------------------------------------------------
104, 158, 352, 520, 606, 

Bought-----------------------------------------------------------------
176, 234, 427, 536, 548, 

Number of illegal transfers--------------------------------------------------------------
4, 

-----------------------------------------------------------------
