Selected-----------------------------------------------------------------
30, 48, 104, 106, 128, 176, 186, 279, 352, 363, 406, 519, 548, 584, 606, 

Starting-----------------------------------------------------------------
30, 104, 128, 176, 186, 279, 363, 519, 548, 584, 606, 

Captain-----------------------------------------------------------------
584, 

Vice-Captain-----------------------------------------------------------------
186, 

Substitutes-----------------------------------------------------------------
406, 106, 352, 

Remaining budget-----------------------------------------------------------------
PREVIOUS GW: 1.9e+06
THIS GW: 1.5e+06

Sold-----------------------------------------------------------------
12, 300, 481, 558, 

Bought-----------------------------------------------------------------
30, 279, 519, 584, 

Number of illegal transfers--------------------------------------------------------------
3, 

-----------------------------------------------------------------
