Selected-----------------------------------------------------------------
37, 44, 75, 89, 164, 198, 267, 365, 428, 489, 495, 512, 548, 584, 592, 

Starting-----------------------------------------------------------------
44, 75, 164, 198, 267, 365, 428, 489, 512, 584, 592, 

Captain-----------------------------------------------------------------
512, 

Vice-Captain-----------------------------------------------------------------
365, 

Substitutes-----------------------------------------------------------------
548, 495, 89, 

Remaining budget-----------------------------------------------------------------
PREVIOUS GW: 400000
THIS GW: 1.6e+06

Sold-----------------------------------------------------------------
4, 128, 186, 259, 265, 472, 522, 583, 

Bought-----------------------------------------------------------------
44, 75, 164, 198, 267, 365, 512, 592, 

Number of illegal transfers--------------------------------------------------------------
7, 

-----------------------------------------------------------------
