Selected-----------------------------------------------------------------
23, 48, 92, 104, 105, 158, 211, 352, 397, 428, 484, 510, 557, 579, 583, 

Starting-----------------------------------------------------------------
48, 104, 105, 158, 352, 397, 428, 484, 557, 579, 583, 

Captain-----------------------------------------------------------------
105, 

Vice-Captain-----------------------------------------------------------------
397, 

Substitutes-----------------------------------------------------------------
92, 510, 211, 

Remaining budget-----------------------------------------------------------------
PREVIOUS GW: 5.2e+06
THIS GW: 2.5e+06

Sold-----------------------------------------------------------------
259, 520, 561, 606, 

Bought-----------------------------------------------------------------
105, 397, 579, 583, 

Number of illegal transfers--------------------------------------------------------------
3, 

-----------------------------------------------------------------
