Selected-----------------------------------------------------------------
24, 33, 104, 128, 176, 186, 259, 363, 399, 402, 481, 519, 549, 584, 606, 

Starting-----------------------------------------------------------------
24, 128, 176, 186, 363, 399, 402, 481, 549, 584, 606, 

Captain-----------------------------------------------------------------
606, 

Vice-Captain-----------------------------------------------------------------
128, 

Substitutes-----------------------------------------------------------------
259, 519, 104, 

Remaining budget-----------------------------------------------------------------
PREVIOUS GW: 3.7e+06
THIS GW: 2.3e+06

Sold-----------------------------------------------------------------
428, 522, 598, 608, 

Bought-----------------------------------------------------------------
399, 402, 549, 584, 

Number of illegal transfers--------------------------------------------------------------
3, 

-----------------------------------------------------------------
