Selected-----------------------------------------------------------------
12, 52, 92, 104, 106, 163, 241, 330, 344, 394, 428, 455, 548, 558, 577, 

Starting-----------------------------------------------------------------
12, 104, 106, 163, 330, 344, 394, 428, 548, 558, 577, 

Captain-----------------------------------------------------------------
330, 

Vice-Captain-----------------------------------------------------------------
577, 

Substitutes-----------------------------------------------------------------
455, 92, 241, 

Remaining budget-----------------------------------------------------------------
PREVIOUS GW: 5.3e+06
THIS GW: 2.1e+06

Sold-----------------------------------------------------------------
75, 213, 335, 584, 592, 

Bought-----------------------------------------------------------------
104, 163, 394, 558, 577, 

Number of illegal transfers--------------------------------------------------------------
4, 

-----------------------------------------------------------------
