Selected-----------------------------------------------------------------
16, 54, 75, 106, 167, 259, 271, 330, 394, 455, 512, 520, 548, 557, 577, 

Starting-----------------------------------------------------------------
54, 106, 259, 271, 330, 455, 512, 520, 548, 557, 577, 

Captain-----------------------------------------------------------------
520, 

Vice-Captain-----------------------------------------------------------------
455, 

Substitutes-----------------------------------------------------------------
394, 167, 75, 

Remaining budget-----------------------------------------------------------------
PREVIOUS GW: 1.1e+06
THIS GW: 3.7e+06

Sold-----------------------------------------------------------------
164, 241, 365, 592, 

Bought-----------------------------------------------------------------
259, 271, 520, 548, 

Number of illegal transfers--------------------------------------------------------------
3, 

-----------------------------------------------------------------
