Selected-----------------------------------------------------------------
48, 58, 90, 104, 105, 106, 158, 397, 399, 428, 484, 520, 548, 583, 607, 

Starting-----------------------------------------------------------------
58, 104, 105, 106, 158, 397, 399, 428, 484, 583, 607, 

Captain-----------------------------------------------------------------
583, 

Vice-Captain-----------------------------------------------------------------
105, 

Substitutes-----------------------------------------------------------------
90, 520, 548, 

Remaining budget-----------------------------------------------------------------
PREVIOUS GW: 1.7e+06
THIS GW: 0

Sold-----------------------------------------------------------------
267, 352, 557, 561, 

Bought-----------------------------------------------------------------
106, 397, 583, 607, 

Number of illegal transfers--------------------------------------------------------------
3, 

-----------------------------------------------------------------
