Selected-----------------------------------------------------------------
12, 48, 104, 128, 164, 176, 259, 300, 330, 335, 363, 531, 549, 584, 606, 

Starting-----------------------------------------------------------------
12, 104, 128, 164, 330, 335, 363, 531, 549, 584, 606, 

Captain-----------------------------------------------------------------
363, 

Vice-Captain-----------------------------------------------------------------
104, 

Substitutes-----------------------------------------------------------------
176, 259, 300, 

Remaining budget-----------------------------------------------------------------
PREVIOUS GW: 2.3e+06
THIS GW: 2.2e+06

Sold-----------------------------------------------------------------
24, 127, 428, 481, 520, 

Bought-----------------------------------------------------------------
12, 164, 330, 335, 363, 

Number of illegal transfers--------------------------------------------------------------
4, 

-----------------------------------------------------------------
