Selected-----------------------------------------------------------------
31, 32, 78, 110, 184, 223, 232, 330, 374, 400, 406, 474, 545, 571, 581, 

Starting-----------------------------------------------------------------
32, 110, 223, 232, 330, 374, 400, 406, 474, 571, 581, 505, 567, 584, 620, 

Captain-----------------------------------------------------------------
581, 

Vice-Captain-----------------------------------------------------------------
330, 

Substitutes-----------------------------------------------------------------
78, 545, 184, 

Remaining budget-----------------------------------------------------------------
1.05e+07, 

Sold-----------------------------------------------------------------
169, 220, 279, 282, 286, 452, 550, 551, 337, 394, 400, 496, 576, 577, 606, 

Bought-----------------------------------------------------------------
223, 232, 330, 374, 406, 474, 571, 550, 386, 422, 427, 489, 551, 581, 619, 

Number of illegal transfers--------------------------------------------------------------
6, 

Wildcard used-----------------------------------------------------------------
0, 

Triple captain used-----------------------------------------------------------------
0, 

Bench boost used-----------------------------------------------------------------
0, 

Free hit used-----------------------------------------------------------------
0, 

-----------------------------------------------------------------
