Selected-----------------------------------------------------------------
12, 48, 90, 105, 106, 249, 259, 352, 399, 428, 484, 520, 557, 583, 607, 

Starting-----------------------------------------------------------------
48, 90, 105, 106, 352, 399, 428, 484, 557, 583, 607, 

Captain-----------------------------------------------------------------
428, 

Vice-Captain-----------------------------------------------------------------
557, 

Substitutes-----------------------------------------------------------------
520, 249, 259, 

Remaining budget-----------------------------------------------------------------
PREVIOUS GW: 2.5e+06
THIS GW: 400000

Sold-----------------------------------------------------------------
75, 548, 561, 606, 

Bought-----------------------------------------------------------------
105, 557, 583, 607, 

Number of illegal transfers--------------------------------------------------------------
3, 

-----------------------------------------------------------------
