Selected-----------------------------------------------------------------
20, 44, 131, 154, 205, 259, 265, 281, 330, 350, 484, 489, 549, 576, 581, 

Starting-----------------------------------------------------------------
44, 131, 205, 265, 281, 330, 350, 484, 549, 576, 581, 

Captain-----------------------------------------------------------------
131, 

Vice-Captain-----------------------------------------------------------------
549, 

Substitutes-----------------------------------------------------------------
489, 154, 259, 

Remaining budget-----------------------------------------------------------------
PREVIOUS GW: 0
THIS GW: 3.1e+06

Sold-----------------------------------------------------------------
9, 186, 394, 481, 

Bought-----------------------------------------------------------------
44, 265, 281, 350, 

Number of illegal transfers--------------------------------------------------------------
3, 

-----------------------------------------------------------------
