Selected-----------------------------------------------------------------
12, 48, 90, 104, 105, 234, 271, 352, 405, 415, 481, 484, 579, 583, 607, 

Starting-----------------------------------------------------------------
48, 105, 234, 271, 352, 405, 415, 481, 484, 579, 583, 

Captain-----------------------------------------------------------------
481, 

Vice-Captain-----------------------------------------------------------------
484, 

Substitutes-----------------------------------------------------------------
90, 104, 607, 

Remaining budget-----------------------------------------------------------------
PREVIOUS GW: 4.1e+06
THIS GW: 4.5e+06

Sold-----------------------------------------------------------------
167, 241, 399, 428, 510, 

Bought-----------------------------------------------------------------
234, 271, 405, 415, 481, 

Number of illegal transfers--------------------------------------------------------------
4, 

-----------------------------------------------------------------
