Selected-----------------------------------------------------------------
12, 25, 75, 92, 104, 106, 241, 330, 363, 394, 412, 455, 548, 577, 592, 

Starting-----------------------------------------------------------------
12, 75, 104, 106, 330, 363, 394, 412, 548, 577, 592, 

Captain-----------------------------------------------------------------
330, 

Vice-Captain-----------------------------------------------------------------
104, 

Substitutes-----------------------------------------------------------------
455, 92, 241, 

Remaining budget-----------------------------------------------------------------
PREVIOUS GW: 6.9e+06
THIS GW: 5.8e+06

Sold-----------------------------------------------------------------
213, 335, 365, 584, 

Bought-----------------------------------------------------------------
104, 363, 394, 577, 

Number of illegal transfers--------------------------------------------------------------
3, 

-----------------------------------------------------------------
