Selected-----------------------------------------------------------------
12, 48, 90, 105, 106, 127, 234, 399, 415, 481, 484, 536, 548, 583, 610, 

Starting-----------------------------------------------------------------
12, 106, 127, 234, 415, 481, 484, 536, 548, 583, 610, 

Captain-----------------------------------------------------------------
481, 

Vice-Captain-----------------------------------------------------------------
583, 

Substitutes-----------------------------------------------------------------
399, 90, 105, 

Remaining budget-----------------------------------------------------------------
PREVIOUS GW: 2.9e+06
THIS GW: 3.1e+06

Sold-----------------------------------------------------------------
210, 397, 579, 607, 

Bought-----------------------------------------------------------------
127, 536, 548, 610, 

Number of illegal transfers--------------------------------------------------------------
3, 

-----------------------------------------------------------------
