Selected-----------------------------------------------------------------
16, 35, 75, 131, 164, 198, 259, 365, 406, 415, 495, 512, 557, 584, 621, 

Starting-----------------------------------------------------------------
35, 75, 164, 198, 365, 406, 415, 495, 512, 557, 584, 

Captain-----------------------------------------------------------------
75, 

Vice-Captain-----------------------------------------------------------------
406, 

Substitutes-----------------------------------------------------------------
131, 259, 621, 

Remaining budget-----------------------------------------------------------------
PREVIOUS GW: 3.7e+06
THIS GW: 100000

Sold-----------------------------------------------------------------
25, 155, 176, 522, 548, 

Bought-----------------------------------------------------------------
35, 164, 198, 512, 557, 

Number of illegal transfers--------------------------------------------------------------
4, 

-----------------------------------------------------------------
