Selected-----------------------------------------------------------------
48, 52, 75, 106, 164, 210, 241, 308, 330, 394, 455, 520, 548, 557, 581, 

Starting-----------------------------------------------------------------
48, 106, 164, 210, 308, 330, 455, 520, 548, 557, 581, 

Captain-----------------------------------------------------------------
455, 

Vice-Captain-----------------------------------------------------------------
548, 

Substitutes-----------------------------------------------------------------
394, 75, 241, 

Remaining budget-----------------------------------------------------------------
PREVIOUS GW: 2.5e+06
THIS GW: 200000

Sold-----------------------------------------------------------------
12, 176, 365, 495, 577, 592, 

Bought-----------------------------------------------------------------
48, 210, 308, 520, 548, 581, 

Number of illegal transfers--------------------------------------------------------------
5, 

-----------------------------------------------------------------
