Selected-----------------------------------------------------------------
1, 48, 104, 105, 127, 234, 271, 352, 397, 428, 481, 484, 558, 583, 598, 

Starting-----------------------------------------------------------------
1, 104, 105, 127, 397, 428, 481, 484, 558, 583, 598, 

Captain-----------------------------------------------------------------
558, 

Vice-Captain-----------------------------------------------------------------
104, 

Substitutes-----------------------------------------------------------------
234, 271, 352, 

Remaining budget-----------------------------------------------------------------
PREVIOUS GW: 3.1e+06
THIS GW: 100000

Sold-----------------------------------------------------------------
12, 427, 548, 579, 

Bought-----------------------------------------------------------------
1, 428, 558, 598, 

Number of illegal transfers--------------------------------------------------------------
3, 

-----------------------------------------------------------------
