Selected-----------------------------------------------------------------
12, 48, 105, 106, 127, 234, 271, 415, 481, 484, 520, 536, 548, 583, 610, 

Starting-----------------------------------------------------------------
12, 127, 234, 271, 415, 481, 484, 536, 548, 583, 610, 

Captain-----------------------------------------------------------------
481, 

Vice-Captain-----------------------------------------------------------------
583, 

Substitutes-----------------------------------------------------------------
520, 106, 105, 

Remaining budget-----------------------------------------------------------------
PREVIOUS GW: 5.8e+06
THIS GW: 5.4e+06

Sold-----------------------------------------------------------------
90, 397, 579, 607, 

Bought-----------------------------------------------------------------
127, 536, 548, 610, 

Number of illegal transfers--------------------------------------------------------------
3, 

-----------------------------------------------------------------
