Selected-----------------------------------------------------------------
20, 30, 131, 171, 177, 237, 265, 330, 350, 352, 484, 489, 549, 577, 581, 

Starting-----------------------------------------------------------------
30, 131, 171, 237, 265, 330, 484, 489, 549, 577, 581, 

Captain-----------------------------------------------------------------
489, 

Vice-Captain-----------------------------------------------------------------
484, 

Substitutes-----------------------------------------------------------------
177, 350, 352, 

Remaining budget-----------------------------------------------------------------
PREVIOUS GW: 5e+06
THIS GW: 8.6e+06

Sold-----------------------------------------------------------------
24, 205, 252, 576, 

Bought-----------------------------------------------------------------
30, 237, 265, 549, 

Number of illegal transfers--------------------------------------------------------------
3, 

-----------------------------------------------------------------
