Selected-----------------------------------------------------------------
12, 48, 90, 93, 104, 106, 167, 363, 397, 399, 428, 520, 552, 557, 583, 

Starting-----------------------------------------------------------------
48, 104, 106, 167, 363, 397, 399, 428, 520, 557, 583, 

Captain-----------------------------------------------------------------
428, 

Vice-Captain-----------------------------------------------------------------
583, 

Substitutes-----------------------------------------------------------------
90, 552, 93, 

Remaining budget-----------------------------------------------------------------
PREVIOUS GW: 2e+06
THIS GW: 300000

Sold-----------------------------------------------------------------
210, 259, 330, 352, 484, 548, 577, 

Bought-----------------------------------------------------------------
104, 167, 363, 397, 399, 552, 583, 

Number of illegal transfers--------------------------------------------------------------
6, 

-----------------------------------------------------------------
