Selected-----------------------------------------------------------------
6, 23, 75, 96, 174, 184, 269, 330, 386, 405, 421, 489, 567, 586, 592, 

Starting-----------------------------------------------------------------
23, 75, 174, 269, 330, 386, 405, 421, 489, 567, 586, 

Captain-----------------------------------------------------------------
405, 

Vice-Captain-----------------------------------------------------------------
174, 

Substitutes-----------------------------------------------------------------
592, 184, 96, 

Remaining budget-----------------------------------------------------------------
PREVIOUS GW: 0
THIS GW: 4e+06

Sold-----------------------------------------------------------------
50, 400, 463, 606, 

Bought-----------------------------------------------------------------
23, 386, 405, 567, 

Number of illegal transfers--------------------------------------------------------------
3, 

-----------------------------------------------------------------
