Selected-----------------------------------------------------------------
37, 52, 89, 128, 176, 259, 265, 415, 428, 489, 495, 522, 548, 584, 610, 

Starting-----------------------------------------------------------------
37, 89, 128, 176, 415, 428, 489, 495, 522, 548, 584, 

Captain-----------------------------------------------------------------
489, 

Vice-Captain-----------------------------------------------------------------
584, 

Substitutes-----------------------------------------------------------------
610, 259, 265, 

Remaining budget-----------------------------------------------------------------
PREVIOUS GW: 500000
THIS GW: 3.2e+06

Sold-----------------------------------------------------------------
183, 186, 274, 583, 

Bought-----------------------------------------------------------------
128, 176, 489, 584, 

Number of illegal transfers--------------------------------------------------------------
3, 

-----------------------------------------------------------------
