Selected-----------------------------------------------------------------
24, 48, 104, 127, 128, 186, 259, 300, 330, 335, 363, 481, 549, 584, 606, 

Starting-----------------------------------------------------------------
24, 104, 128, 186, 330, 335, 363, 481, 549, 584, 606, 

Captain-----------------------------------------------------------------
363, 

Vice-Captain-----------------------------------------------------------------
104, 

Substitutes-----------------------------------------------------------------
259, 127, 300, 

Remaining budget-----------------------------------------------------------------
PREVIOUS GW: 200000
THIS GW: 2.6e+06

Sold-----------------------------------------------------------------
167, 415, 428, 484, 

Bought-----------------------------------------------------------------
104, 330, 335, 363, 

Number of illegal transfers--------------------------------------------------------------
3, 

-----------------------------------------------------------------
