Selected-----------------------------------------------------------------
15, 35, 75, 131, 164, 229, 259, 365, 406, 415, 495, 512, 548, 549, 584, 

Starting-----------------------------------------------------------------
35, 75, 164, 229, 365, 406, 415, 495, 512, 548, 584, 

Captain-----------------------------------------------------------------
75, 

Vice-Captain-----------------------------------------------------------------
406, 

Substitutes-----------------------------------------------------------------
549, 131, 259, 

Remaining budget-----------------------------------------------------------------
PREVIOUS GW: 3.6e+06
THIS GW: 1.4e+06

Sold-----------------------------------------------------------------
25, 155, 176, 361, 522, 

Bought-----------------------------------------------------------------
35, 75, 164, 365, 512, 

Number of illegal transfers--------------------------------------------------------------
4, 

-----------------------------------------------------------------
