Selected-----------------------------------------------------------------
32, 48, 104, 249, 259, 267, 271, 330, 392, 399, 428, 520, 552, 557, 606, 

Starting-----------------------------------------------------------------
32, 104, 259, 267, 330, 392, 399, 428, 520, 557, 606, 

Captain-----------------------------------------------------------------
428, 

Vice-Captain-----------------------------------------------------------------
557, 

Substitutes-----------------------------------------------------------------
552, 249, 271, 

Remaining budget-----------------------------------------------------------------
PREVIOUS GW: 3.6e+06
THIS GW: 800000

Sold-----------------------------------------------------------------
25, 106, 213, 335, 344, 352, 548, 581, 

Bought-----------------------------------------------------------------
32, 104, 267, 392, 399, 428, 552, 557, 

Number of illegal transfers--------------------------------------------------------------
7, 

-----------------------------------------------------------------
