Selected-----------------------------------------------------------------
24, 48, 90, 104, 105, 127, 128, 277, 363, 481, 520, 522, 548, 558, 583, 

Starting-----------------------------------------------------------------
24, 104, 127, 128, 277, 363, 481, 522, 548, 558, 583, 

Captain-----------------------------------------------------------------
583, 

Vice-Captain-----------------------------------------------------------------
548, 

Substitutes-----------------------------------------------------------------
520, 105, 90, 

Remaining budget-----------------------------------------------------------------
PREVIOUS GW: 2.9e+06
THIS GW: 4.7e+06

Sold-----------------------------------------------------------------
415, 484, 552, 606, 

Bought-----------------------------------------------------------------
277, 363, 548, 558, 

Number of illegal transfers--------------------------------------------------------------
3, 

-----------------------------------------------------------------
