Selected-----------------------------------------------------------------
12, 44, 75, 92, 164, 241, 267, 308, 365, 428, 455, 512, 557, 584, 592, 

Starting-----------------------------------------------------------------
44, 75, 241, 267, 308, 365, 428, 455, 512, 584, 592, 

Captain-----------------------------------------------------------------
512, 

Vice-Captain-----------------------------------------------------------------
455, 

Substitutes-----------------------------------------------------------------
164, 557, 92, 

Remaining budget-----------------------------------------------------------------
PREVIOUS GW: 3.5e+06
THIS GW: 2.4e+06

Sold-----------------------------------------------------------------
221, 522, 549, 577, 

Bought-----------------------------------------------------------------
241, 512, 584, 592, 

Number of illegal transfers--------------------------------------------------------------
3, 

-----------------------------------------------------------------
