Selected-----------------------------------------------------------------
16, 24, 104, 127, 128, 176, 234, 352, 455, 481, 484, 520, 577, 583, 610, 

Starting-----------------------------------------------------------------
24, 104, 127, 128, 176, 234, 481, 484, 520, 583, 610, 

Captain-----------------------------------------------------------------
481, 

Vice-Captain-----------------------------------------------------------------
484, 

Substitutes-----------------------------------------------------------------
577, 352, 455, 

Remaining budget-----------------------------------------------------------------
PREVIOUS GW: 5.2e+06
THIS GW: 5.9e+06

Sold-----------------------------------------------------------------
48, 92, 155, 428, 

Bought-----------------------------------------------------------------
24, 128, 176, 484, 

Number of illegal transfers--------------------------------------------------------------
3, 

-----------------------------------------------------------------
