Selected-----------------------------------------------------------------
12, 48, 92, 105, 106, 127, 271, 300, 481, 484, 520, 536, 548, 558, 598, 

Starting-----------------------------------------------------------------
48, 92, 106, 127, 300, 481, 484, 520, 548, 558, 598, 

Captain-----------------------------------------------------------------
558, 

Vice-Captain-----------------------------------------------------------------
300, 

Substitutes-----------------------------------------------------------------
536, 105, 271, 

Remaining budget-----------------------------------------------------------------
PREVIOUS GW: 5.5e+06
THIS GW: 1.44e+07

Sold-----------------------------------------------------------------
89, 397, 427, 583, 610, 

Bought-----------------------------------------------------------------
92, 300, 520, 558, 598, 

Number of illegal transfers--------------------------------------------------------------
4, 

-----------------------------------------------------------------
