Selected-----------------------------------------------------------------
12, 24, 108, 128, 176, 186, 259, 363, 428, 481, 510, 519, 584, 606, 608, 

Starting-----------------------------------------------------------------
24, 108, 128, 176, 186, 259, 363, 510, 519, 584, 608, 

Captain-----------------------------------------------------------------
128, 

Vice-Captain-----------------------------------------------------------------
259, 

Substitutes-----------------------------------------------------------------
428, 481, 606, 

Remaining budget-----------------------------------------------------------------
PREVIOUS GW: 1.2e+06
THIS GW: 2e+06

Sold-----------------------------------------------------------------
104, 300, 522, 558, 598, 

Bought-----------------------------------------------------------------
259, 510, 519, 584, 608, 

Number of illegal transfers--------------------------------------------------------------
4, 

-----------------------------------------------------------------
