Selected-----------------------------------------------------------------
15, 31, 96, 161, 236, 252, 253, 380, 386, 422, 427, 489, 551, 581, 619, 

Starting-----------------------------------------------------------------
31, 96, 161, 236, 380, 386, 422, 427, 489, 581, 619, 505, 567, 584, 620, 

Captain-----------------------------------------------------------------
386, 

Vice-Captain-----------------------------------------------------------------
380, 

Substitutes-----------------------------------------------------------------
551, 253, 252, 

Remaining budget-----------------------------------------------------------------
1.62e+07, 

Sold-----------------------------------------------------------------
23, 36, 75, 80, 105, 111, 145, 300, 337, 394, 400, 496, 576, 577, 606, 

Bought-----------------------------------------------------------------
15, 31, 96, 161, 236, 252, 253, 380, 386, 422, 427, 489, 551, 581, 619, 

Number of illegal transfers--------------------------------------------------------------
0, 

Wildcard used-----------------------------------------------------------------
1, 

Triple captain used-----------------------------------------------------------------
0, 

Bench boost used-----------------------------------------------------------------
0, 

Free hit used-----------------------------------------------------------------
0, 

-----------------------------------------------------------------
