Selected-----------------------------------------------------------------
12, 52, 92, 104, 106, 127, 271, 300, 397, 481, 484, 536, 548, 558, 598, 

Starting-----------------------------------------------------------------
12, 92, 104, 127, 300, 481, 484, 536, 548, 558, 598, 

Captain-----------------------------------------------------------------
558, 

Vice-Captain-----------------------------------------------------------------
300, 

Substitutes-----------------------------------------------------------------
106, 397, 271, 

Remaining budget-----------------------------------------------------------------
PREVIOUS GW: 5.4e+06
THIS GW: 1.37e+07

Sold-----------------------------------------------------------------
105, 415, 583, 610, 

Bought-----------------------------------------------------------------
92, 300, 558, 598, 

Number of illegal transfers--------------------------------------------------------------
3, 

-----------------------------------------------------------------
