Selected-----------------------------------------------------------------
12, 23, 90, 105, 106, 234, 271, 352, 397, 415, 427, 481, 579, 583, 606, 

Starting-----------------------------------------------------------------
23, 105, 106, 234, 271, 397, 415, 427, 481, 583, 606, 

Captain-----------------------------------------------------------------
481, 

Vice-Captain-----------------------------------------------------------------
415, 

Substitutes-----------------------------------------------------------------
90, 352, 579, 

Remaining budget-----------------------------------------------------------------
PREVIOUS GW: 1.6e+06
THIS GW: 1.8e+06

Sold-----------------------------------------------------------------
104, 211, 428, 484, 561, 

Bought-----------------------------------------------------------------
234, 271, 415, 481, 606, 

Number of illegal transfers--------------------------------------------------------------
4, 

-----------------------------------------------------------------
