Selected-----------------------------------------------------------------
1, 23, 78, 104, 106, 171, 265, 307, 350, 406, 481, 484, 557, 561, 581, 

Starting-----------------------------------------------------------------
1, 78, 104, 106, 171, 265, 307, 406, 484, 557, 561, 

Captain-----------------------------------------------------------------
1, 

Vice-Captain-----------------------------------------------------------------
106, 

Substitutes-----------------------------------------------------------------
581, 481, 350, 

Remaining budget-----------------------------------------------------------------
PREVIOUS GW: 1.09e+07
THIS GW: 500000

Sold-----------------------------------------------------------------
30, 131, 154, 237, 338, 

Bought-----------------------------------------------------------------
1, 78, 104, 106, 406, 

Number of illegal transfers--------------------------------------------------------------
4, 

-----------------------------------------------------------------
