Selected-----------------------------------------------------------------
16, 24, 104, 106, 127, 128, 176, 300, 397, 428, 481, 520, 548, 558, 606, 

Starting-----------------------------------------------------------------
24, 104, 106, 127, 128, 176, 428, 481, 520, 548, 606, 

Captain-----------------------------------------------------------------
128, 

Vice-Captain-----------------------------------------------------------------
481, 

Substitutes-----------------------------------------------------------------
300, 558, 397, 

Remaining budget-----------------------------------------------------------------
PREVIOUS GW: 100000
THIS GW: 1.2e+06

Sold-----------------------------------------------------------------
12, 105, 234, 583, 

Bought-----------------------------------------------------------------
24, 128, 176, 606, 

Number of illegal transfers--------------------------------------------------------------
3, 

-----------------------------------------------------------------
