Selected-----------------------------------------------------------------
9, 30, 128, 153, 164, 170, 186, 363, 386, 399, 402, 481, 549, 584, 606, 

Starting-----------------------------------------------------------------
9, 153, 164, 186, 363, 386, 399, 402, 481, 549, 584, 

Captain-----------------------------------------------------------------
549, 

Vice-Captain-----------------------------------------------------------------
584, 

Substitutes-----------------------------------------------------------------
606, 170, 128, 

Remaining budget-----------------------------------------------------------------
PREVIOUS GW: 6.5e+06
THIS GW: 300000

Sold-----------------------------------------------------------------
125, 259, 335, 451, 466, 

Bought-----------------------------------------------------------------
153, 164, 386, 399, 402, 

Number of illegal transfers--------------------------------------------------------------
4, 

-----------------------------------------------------------------
