Selected-----------------------------------------------------------------
12, 18, 92, 93, 106, 137, 162, 300, 335, 344, 412, 428, 577, 581, 592, 

Starting-----------------------------------------------------------------
12, 106, 137, 162, 335, 344, 412, 428, 577, 581, 592, 

Captain-----------------------------------------------------------------
428, 

Vice-Captain-----------------------------------------------------------------
581, 

Substitutes-----------------------------------------------------------------
300, 93, 92, 

Remaining budget-----------------------------------------------------------------
PREVIOUS GW: 5.4e+06
THIS GW: 1.5e+06

Sold-----------------------------------------------------------------
271, 416, 489, 606, 

Bought-----------------------------------------------------------------
162, 344, 428, 581, 

Number of illegal transfers--------------------------------------------------------------
3, 

-----------------------------------------------------------------
