Selected-----------------------------------------------------------------
24, 30, 131, 186, 205, 252, 259, 330, 363, 481, 484, 531, 576, 581, 584, 

Starting-----------------------------------------------------------------
24, 131, 205, 252, 259, 330, 481, 484, 576, 581, 584, 

Captain-----------------------------------------------------------------
584, 

Vice-Captain-----------------------------------------------------------------
131, 

Substitutes-----------------------------------------------------------------
531, 186, 363, 

Remaining budget-----------------------------------------------------------------
PREVIOUS GW: 3.2e+06
THIS GW: 200000

Sold-----------------------------------------------------------------
106, 128, 428, 549, 

Bought-----------------------------------------------------------------
205, 252, 330, 581, 

Number of illegal transfers--------------------------------------------------------------
3, 

-----------------------------------------------------------------
