Selected-----------------------------------------------------------------
9, 30, 128, 153, 164, 170, 222, 386, 399, 402, 451, 481, 549, 584, 606, 

Starting-----------------------------------------------------------------
9, 153, 164, 222, 386, 399, 402, 451, 481, 549, 584, 

Captain-----------------------------------------------------------------
549, 

Vice-Captain-----------------------------------------------------------------
584, 

Substitutes-----------------------------------------------------------------
606, 170, 128, 

Remaining budget-----------------------------------------------------------------
PREVIOUS GW: 5.6e+06
THIS GW: 2.1e+06

Sold-----------------------------------------------------------------
125, 259, 335, 466, 

Bought-----------------------------------------------------------------
153, 164, 386, 402, 

Number of illegal transfers--------------------------------------------------------------
3, 

-----------------------------------------------------------------
