Selected-----------------------------------------------------------------
9, 17, 79, 164, 186, 252, 259, 281, 386, 394, 481, 484, 547, 549, 584, 

Starting-----------------------------------------------------------------
9, 79, 252, 259, 281, 394, 481, 484, 547, 549, 584, 

Captain-----------------------------------------------------------------
481, 

Vice-Captain-----------------------------------------------------------------
484, 

Substitutes-----------------------------------------------------------------
186, 164, 386, 

Remaining budget-----------------------------------------------------------------
PREVIOUS GW: 500000
THIS GW: 5e+06

Sold-----------------------------------------------------------------
128, 363, 399, 606, 

Bought-----------------------------------------------------------------
79, 281, 484, 547, 

Number of illegal transfers--------------------------------------------------------------
3, 

-----------------------------------------------------------------
