Selected-----------------------------------------------------------------
9, 24, 121, 128, 131, 252, 259, 394, 399, 481, 484, 531, 547, 549, 584, 

Starting-----------------------------------------------------------------
9, 121, 131, 252, 394, 481, 484, 531, 547, 549, 584, 

Captain-----------------------------------------------------------------
549, 

Vice-Captain-----------------------------------------------------------------
481, 

Substitutes-----------------------------------------------------------------
399, 259, 128, 

Remaining budget-----------------------------------------------------------------
PREVIOUS GW: 4e+06
THIS GW: 9.3e+06

Sold-----------------------------------------------------------------
20, 125, 222, 335, 363, 606, 

Bought-----------------------------------------------------------------
9, 131, 252, 484, 531, 547, 

Number of illegal transfers--------------------------------------------------------------
5, 

-----------------------------------------------------------------
