Selected-----------------------------------------------------------------
12, 48, 104, 106, 127, 128, 176, 352, 428, 481, 484, 520, 548, 579, 606, 

Starting-----------------------------------------------------------------
12, 104, 106, 127, 128, 176, 352, 481, 484, 520, 606, 

Captain-----------------------------------------------------------------
481, 

Vice-Captain-----------------------------------------------------------------
484, 

Substitutes-----------------------------------------------------------------
428, 548, 579, 

Remaining budget-----------------------------------------------------------------
PREVIOUS GW: 3.6e+06
THIS GW: 0

Sold-----------------------------------------------------------------
92, 241, 259, 583, 

Bought-----------------------------------------------------------------
104, 128, 176, 606, 

Number of illegal transfers--------------------------------------------------------------
3, 

-----------------------------------------------------------------
