Selected-----------------------------------------------------------------
24, 48, 104, 127, 128, 176, 259, 363, 481, 484, 519, 520, 584, 598, 606, 

Starting-----------------------------------------------------------------
48, 128, 176, 259, 363, 481, 484, 519, 584, 598, 606, 

Captain-----------------------------------------------------------------
363, 

Vice-Captain-----------------------------------------------------------------
606, 

Substitutes-----------------------------------------------------------------
104, 127, 520, 

Remaining budget-----------------------------------------------------------------
PREVIOUS GW: 1.4e+06
THIS GW: 7.2e+06

Sold-----------------------------------------------------------------
105, 234, 428, 583, 

Bought-----------------------------------------------------------------
176, 259, 363, 606, 

Number of illegal transfers--------------------------------------------------------------
3, 

-----------------------------------------------------------------
