Selected-----------------------------------------------------------------
12, 24, 104, 106, 128, 176, 186, 326, 363, 428, 519, 520, 584, 598, 606, 

Starting-----------------------------------------------------------------
24, 104, 106, 128, 176, 186, 326, 428, 519, 584, 606, 

Captain-----------------------------------------------------------------
128, 

Vice-Captain-----------------------------------------------------------------
104, 

Substitutes-----------------------------------------------------------------
363, 598, 520, 

Remaining budget-----------------------------------------------------------------
PREVIOUS GW: 600000
THIS GW: 2.6e+06

Sold-----------------------------------------------------------------
127, 406, 481, 548, 558, 

Bought-----------------------------------------------------------------
106, 326, 519, 584, 606, 

Number of illegal transfers--------------------------------------------------------------
4, 

-----------------------------------------------------------------
