Selected-----------------------------------------------------------------
9, 30, 131, 177, 203, 205, 240, 281, 350, 481, 484, 489, 576, 577, 581, 

Starting-----------------------------------------------------------------
9, 131, 177, 205, 281, 350, 481, 484, 489, 577, 581, 

Captain-----------------------------------------------------------------
489, 

Vice-Captain-----------------------------------------------------------------
481, 

Substitutes-----------------------------------------------------------------
576, 203, 240, 

Remaining budget-----------------------------------------------------------------
PREVIOUS GW: 1.4e+06
THIS GW: 5.4e+06

Sold-----------------------------------------------------------------
79, 330, 352, 394, 584, 

Bought-----------------------------------------------------------------
177, 281, 350, 489, 577, 

Number of illegal transfers--------------------------------------------------------------
4, 

-----------------------------------------------------------------
