Selected-----------------------------------------------------------------
12, 44, 104, 158, 163, 213, 259, 330, 352, 428, 519, 520, 548, 557, 606, 

Starting-----------------------------------------------------------------
44, 104, 158, 163, 330, 352, 428, 520, 548, 557, 606, 

Captain-----------------------------------------------------------------
428, 

Vice-Captain-----------------------------------------------------------------
557, 

Substitutes-----------------------------------------------------------------
259, 519, 213, 

Remaining budget-----------------------------------------------------------------
PREVIOUS GW: 4.9e+06
THIS GW: 1.2e+06

Sold-----------------------------------------------------------------
35, 106, 394, 577, 

Bought-----------------------------------------------------------------
44, 158, 428, 557, 

Number of illegal transfers--------------------------------------------------------------
3, 

-----------------------------------------------------------------
