Selected-----------------------------------------------------------------
30, 44, 75, 132, 164, 241, 267, 365, 455, 481, 489, 512, 557, 577, 584, 

Starting-----------------------------------------------------------------
44, 75, 241, 267, 365, 455, 481, 489, 512, 557, 584, 

Captain-----------------------------------------------------------------
584, 

Vice-Captain-----------------------------------------------------------------
512, 

Substitutes-----------------------------------------------------------------
577, 164, 132, 

Remaining budget-----------------------------------------------------------------
PREVIOUS GW: 0
THIS GW: 1.4e+06

Sold-----------------------------------------------------------------
155, 415, 428, 472, 522, 621, 

Bought-----------------------------------------------------------------
241, 455, 481, 489, 512, 584, 

Number of illegal transfers--------------------------------------------------------------
5, 

-----------------------------------------------------------------
