Selected-----------------------------------------------------------------
25, 35, 75, 164, 213, 241, 267, 308, 449, 455, 463, 512, 557, 584, 592, 

Starting-----------------------------------------------------------------
25, 75, 213, 241, 308, 449, 455, 463, 512, 584, 592, 

Captain-----------------------------------------------------------------
455, 

Vice-Captain-----------------------------------------------------------------
241, 

Substitutes-----------------------------------------------------------------
557, 267, 164, 

Remaining budget-----------------------------------------------------------------
PREVIOUS GW: 1.2e+06
THIS GW: 7.6e+06

Sold-----------------------------------------------------------------
9, 132, 198, 365, 394, 428, 548, 

Bought-----------------------------------------------------------------
25, 213, 241, 449, 463, 512, 584, 

Number of illegal transfers--------------------------------------------------------------
6, 

-----------------------------------------------------------------
