Selected-----------------------------------------------------------------
20, 24, 131, 186, 205, 252, 259, 330, 394, 466, 481, 484, 549, 581, 584, 

Starting-----------------------------------------------------------------
24, 131, 205, 252, 330, 394, 481, 484, 549, 581, 584, 

Captain-----------------------------------------------------------------
584, 

Vice-Captain-----------------------------------------------------------------
581, 

Substitutes-----------------------------------------------------------------
466, 259, 186, 

Remaining budget-----------------------------------------------------------------
PREVIOUS GW: 1.4e+06
THIS GW: 200000

Sold-----------------------------------------------------------------
128, 222, 399, 606, 

Bought-----------------------------------------------------------------
131, 205, 330, 581, 

Number of illegal transfers--------------------------------------------------------------
3, 

-----------------------------------------------------------------
