Selected-----------------------------------------------------------------
37, 48, 131, 177, 205, 252, 259, 330, 350, 352, 484, 489, 547, 561, 581, 

Starting-----------------------------------------------------------------
37, 131, 177, 205, 330, 350, 352, 484, 489, 561, 581, 

Captain-----------------------------------------------------------------
131, 

Vice-Captain-----------------------------------------------------------------
350, 

Substitutes-----------------------------------------------------------------
547, 252, 259, 

Remaining budget-----------------------------------------------------------------
PREVIOUS GW: 8.4e+06
THIS GW: 1e+07

Sold-----------------------------------------------------------------
9, 394, 481, 577, 

Bought-----------------------------------------------------------------
37, 330, 350, 561, 

Number of illegal transfers--------------------------------------------------------------
3, 

-----------------------------------------------------------------
