Selected-----------------------------------------------------------------
35, 48, 75, 155, 164, 198, 259, 365, 406, 415, 495, 512, 549, 577, 584, 

Starting-----------------------------------------------------------------
35, 75, 164, 198, 365, 406, 415, 495, 512, 577, 584, 

Captain-----------------------------------------------------------------
75, 

Vice-Captain-----------------------------------------------------------------
406, 

Substitutes-----------------------------------------------------------------
549, 155, 259, 

Remaining budget-----------------------------------------------------------------
PREVIOUS GW: 3.6e+06
THIS GW: 1.3e+06

Sold-----------------------------------------------------------------
25, 127, 176, 361, 522, 548, 

Bought-----------------------------------------------------------------
35, 164, 198, 365, 512, 577, 

Number of illegal transfers--------------------------------------------------------------
5, 

-----------------------------------------------------------------
