Selected-----------------------------------------------------------------
12, 44, 75, 89, 164, 176, 221, 344, 365, 394, 428, 495, 548, 557, 584, 

Starting-----------------------------------------------------------------
44, 75, 164, 176, 344, 365, 394, 428, 495, 557, 584, 

Captain-----------------------------------------------------------------
428, 

Vice-Captain-----------------------------------------------------------------
365, 

Substitutes-----------------------------------------------------------------
548, 89, 221, 

Remaining budget-----------------------------------------------------------------
PREVIOUS GW: 0
THIS GW: 400000

Sold-----------------------------------------------------------------
37, 186, 274, 522, 583, 

Bought-----------------------------------------------------------------
44, 164, 344, 428, 557, 

Number of illegal transfers--------------------------------------------------------------
4, 

-----------------------------------------------------------------
