Selected-----------------------------------------------------------------
9, 17, 128, 164, 186, 252, 259, 281, 394, 399, 481, 484, 547, 549, 584, 

Starting-----------------------------------------------------------------
9, 186, 252, 259, 281, 394, 481, 484, 547, 549, 584, 

Captain-----------------------------------------------------------------
481, 

Vice-Captain-----------------------------------------------------------------
484, 

Substitutes-----------------------------------------------------------------
164, 128, 399, 

Remaining budget-----------------------------------------------------------------
PREVIOUS GW: 2.5e+06
THIS GW: 4.9e+06

Sold-----------------------------------------------------------------
125, 363, 451, 606, 

Bought-----------------------------------------------------------------
252, 281, 484, 547, 

Number of illegal transfers--------------------------------------------------------------
3, 

-----------------------------------------------------------------
