Selected-----------------------------------------------------------------
30, 48, 104, 105, 106, 128, 186, 279, 363, 406, 484, 519, 549, 583, 584, 

Starting-----------------------------------------------------------------
30, 104, 128, 186, 279, 363, 406, 519, 549, 583, 584, 

Captain-----------------------------------------------------------------
584, 

Vice-Captain-----------------------------------------------------------------
186, 

Substitutes-----------------------------------------------------------------
484, 105, 106, 

Remaining budget-----------------------------------------------------------------
PREVIOUS GW: 5e+06
THIS GW: 700000

Sold-----------------------------------------------------------------
24, 300, 481, 598, 

Bought-----------------------------------------------------------------
30, 279, 519, 584, 

Number of illegal transfers--------------------------------------------------------------
3, 

-----------------------------------------------------------------
