Selected-----------------------------------------------------------------
35, 52, 75, 106, 164, 241, 259, 330, 344, 394, 455, 520, 548, 557, 584, 

Starting-----------------------------------------------------------------
35, 106, 164, 259, 344, 394, 455, 520, 548, 557, 584, 

Captain-----------------------------------------------------------------
520, 

Vice-Captain-----------------------------------------------------------------
455, 

Substitutes-----------------------------------------------------------------
330, 75, 241, 

Remaining budget-----------------------------------------------------------------
PREVIOUS GW: 1.9e+06
THIS GW: 3.1e+06

Sold-----------------------------------------------------------------
12, 178, 365, 495, 577, 

Bought-----------------------------------------------------------------
35, 259, 344, 520, 584, 

Number of illegal transfers--------------------------------------------------------------
4, 

-----------------------------------------------------------------
