Selected-----------------------------------------------------------------
9, 30, 131, 177, 186, 205, 241, 352, 394, 481, 484, 489, 547, 577, 581, 

Starting-----------------------------------------------------------------
9, 131, 177, 241, 352, 394, 481, 484, 489, 547, 577, 

Captain-----------------------------------------------------------------
489, 

Vice-Captain-----------------------------------------------------------------
481, 

Substitutes-----------------------------------------------------------------
581, 186, 205, 

Remaining budget-----------------------------------------------------------------
PREVIOUS GW: 6.9e+06
THIS GW: 8e+06

Sold-----------------------------------------------------------------
121, 252, 330, 452, 584, 

Bought-----------------------------------------------------------------
177, 241, 394, 489, 577, 

Number of illegal transfers--------------------------------------------------------------
4, 

-----------------------------------------------------------------
