Selected-----------------------------------------------------------------
10, 35, 75, 89, 164, 198, 267, 365, 415, 489, 495, 512, 548, 584, 610, 

Starting-----------------------------------------------------------------
35, 75, 164, 198, 267, 365, 415, 489, 512, 548, 584, 

Captain-----------------------------------------------------------------
512, 

Vice-Captain-----------------------------------------------------------------
365, 

Substitutes-----------------------------------------------------------------
495, 89, 610, 

Remaining budget-----------------------------------------------------------------
PREVIOUS GW: 5.9e+06
THIS GW: 4.4e+06

Sold-----------------------------------------------------------------
37, 178, 259, 265, 522, 

Bought-----------------------------------------------------------------
35, 164, 198, 267, 512, 

Number of illegal transfers--------------------------------------------------------------
4, 

-----------------------------------------------------------------
