Selected-----------------------------------------------------------------
23, 54, 75, 106, 164, 221, 241, 344, 394, 428, 455, 512, 548, 557, 584, 

Starting-----------------------------------------------------------------
54, 75, 106, 241, 344, 394, 455, 512, 548, 557, 584, 

Captain-----------------------------------------------------------------
455, 

Vice-Captain-----------------------------------------------------------------
584, 

Substitutes-----------------------------------------------------------------
428, 164, 221, 

Remaining budget-----------------------------------------------------------------
PREVIOUS GW: 1e+06
THIS GW: 1.9e+06

Sold-----------------------------------------------------------------
12, 365, 397, 549, 

Bought-----------------------------------------------------------------
54, 344, 512, 548, 

Number of illegal transfers--------------------------------------------------------------
3, 

-----------------------------------------------------------------
