Selected-----------------------------------------------------------------
12, 48, 104, 105, 106, 211, 271, 352, 397, 415, 427, 481, 548, 583, 606, 

Starting-----------------------------------------------------------------
12, 105, 106, 271, 397, 415, 427, 481, 548, 583, 606, 

Captain-----------------------------------------------------------------
481, 

Vice-Captain-----------------------------------------------------------------
415, 

Substitutes-----------------------------------------------------------------
104, 352, 211, 

Remaining budget-----------------------------------------------------------------
PREVIOUS GW: 200000
THIS GW: 1.3e+06

Sold-----------------------------------------------------------------
176, 428, 484, 579, 

Bought-----------------------------------------------------------------
271, 415, 481, 606, 

Number of illegal transfers--------------------------------------------------------------
3, 

-----------------------------------------------------------------
