Selected-----------------------------------------------------------------
12, 48, 90, 105, 106, 234, 271, 397, 405, 415, 481, 484, 579, 583, 607, 

Starting-----------------------------------------------------------------
48, 90, 106, 234, 271, 397, 405, 415, 481, 484, 583, 

Captain-----------------------------------------------------------------
481, 

Vice-Captain-----------------------------------------------------------------
484, 

Substitutes-----------------------------------------------------------------
105, 579, 607, 

Remaining budget-----------------------------------------------------------------
PREVIOUS GW: 2.5e+06
THIS GW: 3.2e+06

Sold-----------------------------------------------------------------
104, 212, 399, 428, 510, 

Bought-----------------------------------------------------------------
234, 271, 405, 415, 481, 

Number of illegal transfers--------------------------------------------------------------
4, 

-----------------------------------------------------------------
