Selected-----------------------------------------------------------------
25, 35, 75, 92, 213, 241, 267, 308, 449, 455, 463, 512, 548, 577, 584, 

Starting-----------------------------------------------------------------
25, 75, 92, 213, 241, 308, 449, 455, 463, 512, 584, 

Captain-----------------------------------------------------------------
455, 

Vice-Captain-----------------------------------------------------------------
241, 

Substitutes-----------------------------------------------------------------
577, 267, 548, 

Remaining budget-----------------------------------------------------------------
PREVIOUS GW: 600000
THIS GW: 1.04e+07

Sold-----------------------------------------------------------------
52, 164, 198, 365, 394, 428, 

Bought-----------------------------------------------------------------
25, 213, 241, 449, 463, 512, 

Number of illegal transfers--------------------------------------------------------------
5, 

-----------------------------------------------------------------
