Selected-----------------------------------------------------------------
35, 52, 75, 155, 164, 198, 212, 365, 406, 415, 495, 512, 549, 557, 584, 

Starting-----------------------------------------------------------------
35, 75, 164, 198, 365, 406, 415, 495, 512, 557, 584, 

Captain-----------------------------------------------------------------
75, 

Vice-Captain-----------------------------------------------------------------
365, 

Substitutes-----------------------------------------------------------------
549, 155, 212, 

Remaining budget-----------------------------------------------------------------
PREVIOUS GW: 3.9e+06
THIS GW: 100000

Sold-----------------------------------------------------------------
25, 176, 259, 522, 548, 

Bought-----------------------------------------------------------------
35, 164, 198, 512, 557, 

Number of illegal transfers--------------------------------------------------------------
4, 

-----------------------------------------------------------------
