Selected-----------------------------------------------------------------
23, 58, 92, 104, 106, 249, 259, 330, 352, 363, 519, 520, 548, 577, 606, 

Starting-----------------------------------------------------------------
23, 104, 106, 259, 330, 352, 363, 519, 520, 548, 606, 

Captain-----------------------------------------------------------------
520, 

Vice-Captain-----------------------------------------------------------------
606, 

Substitutes-----------------------------------------------------------------
577, 92, 249, 

Remaining budget-----------------------------------------------------------------
PREVIOUS GW: 4.7e+06
THIS GW: 7.7e+06

Sold-----------------------------------------------------------------
52, 241, 394, 412, 449, 558, 

Bought-----------------------------------------------------------------
23, 259, 352, 519, 520, 606, 

Number of illegal transfers--------------------------------------------------------------
5, 

-----------------------------------------------------------------
