Selected-----------------------------------------------------------------
30, 48, 105, 106, 164, 210, 259, 352, 363, 392, 428, 484, 557, 579, 583, 

Starting-----------------------------------------------------------------
48, 105, 106, 164, 352, 363, 428, 484, 557, 579, 583, 

Captain-----------------------------------------------------------------
428, 

Vice-Captain-----------------------------------------------------------------
557, 

Substitutes-----------------------------------------------------------------
392, 210, 259, 

Remaining budget-----------------------------------------------------------------
PREVIOUS GW: 4.9e+06
THIS GW: 300000

Sold-----------------------------------------------------------------
75, 520, 548, 561, 

Bought-----------------------------------------------------------------
105, 363, 579, 583, 

Number of illegal transfers--------------------------------------------------------------
3, 

-----------------------------------------------------------------
