Selected-----------------------------------------------------------------
25, 58, 75, 104, 106, 241, 249, 315, 330, 394, 399, 455, 577, 584, 592, 

Starting-----------------------------------------------------------------
58, 75, 104, 106, 249, 315, 330, 394, 399, 577, 592, 

Captain-----------------------------------------------------------------
330, 

Vice-Captain-----------------------------------------------------------------
106, 

Substitutes-----------------------------------------------------------------
584, 241, 455, 

Remaining budget-----------------------------------------------------------------
PREVIOUS GW: 3e+06
THIS GW: 2.8e+06

Sold-----------------------------------------------------------------
35, 164, 308, 335, 

Bought-----------------------------------------------------------------
58, 104, 315, 399, 

Number of illegal transfers--------------------------------------------------------------
3, 

-----------------------------------------------------------------
