Selected-----------------------------------------------------------------
12, 58, 89, 104, 106, 241, 259, 330, 352, 399, 455, 520, 548, 581, 584, 

Starting-----------------------------------------------------------------
58, 104, 106, 259, 330, 352, 399, 520, 548, 581, 584, 

Captain-----------------------------------------------------------------
520, 

Vice-Captain-----------------------------------------------------------------
548, 

Substitutes-----------------------------------------------------------------
455, 89, 241, 

Remaining budget-----------------------------------------------------------------
PREVIOUS GW: 500000
THIS GW: 2e+06

Sold-----------------------------------------------------------------
75, 365, 394, 577, 592, 

Bought-----------------------------------------------------------------
259, 352, 520, 548, 581, 

Number of illegal transfers--------------------------------------------------------------
4, 

-----------------------------------------------------------------
