Selected-----------------------------------------------------------------
30, 48, 127, 167, 234, 259, 271, 352, 427, 481, 484, 536, 579, 583, 584, 

Starting-----------------------------------------------------------------
48, 127, 234, 271, 352, 427, 481, 484, 536, 583, 584, 

Captain-----------------------------------------------------------------
481, 

Vice-Captain-----------------------------------------------------------------
583, 

Substitutes-----------------------------------------------------------------
579, 167, 259, 

Remaining budget-----------------------------------------------------------------
PREVIOUS GW: 200000
THIS GW: 4.8e+06

Sold-----------------------------------------------------------------
158, 428, 520, 557, 

Bought-----------------------------------------------------------------
271, 427, 536, 584, 

Number of illegal transfers--------------------------------------------------------------
3, 

-----------------------------------------------------------------
