Selected-----------------------------------------------------------------
18, 48, 127, 158, 167, 234, 241, 427, 428, 481, 484, 536, 548, 552, 583, 

Starting-----------------------------------------------------------------
48, 127, 167, 234, 427, 428, 481, 484, 536, 548, 583, 

Captain-----------------------------------------------------------------
484, 

Vice-Captain-----------------------------------------------------------------
481, 

Substitutes-----------------------------------------------------------------
552, 158, 241, 

Remaining budget-----------------------------------------------------------------
PREVIOUS GW: 0
THIS GW: 100000

Sold-----------------------------------------------------------------
105, 352, 520, 606, 

Bought-----------------------------------------------------------------
234, 427, 536, 548, 

Number of illegal transfers--------------------------------------------------------------
3, 

-----------------------------------------------------------------
