Selected-----------------------------------------------------------------
30, 48, 104, 127, 128, 176, 186, 326, 352, 363, 428, 481, 548, 584, 610, 

Starting-----------------------------------------------------------------
30, 104, 127, 128, 176, 186, 326, 363, 428, 481, 584, 

Captain-----------------------------------------------------------------
128, 

Vice-Captain-----------------------------------------------------------------
104, 

Substitutes-----------------------------------------------------------------
548, 610, 352, 

Remaining budget-----------------------------------------------------------------
PREVIOUS GW: 4.4e+06
THIS GW: 3.9e+06

Sold-----------------------------------------------------------------
12, 75, 520, 558, 

Bought-----------------------------------------------------------------
30, 186, 326, 584, 

Number of illegal transfers--------------------------------------------------------------
3, 

-----------------------------------------------------------------
