Selected-----------------------------------------------------------------
12, 48, 104, 105, 106, 234, 271, 352, 363, 397, 415, 481, 583, 606, 615, 

Starting-----------------------------------------------------------------
12, 105, 106, 234, 271, 397, 415, 481, 583, 606, 615, 

Captain-----------------------------------------------------------------
481, 

Vice-Captain-----------------------------------------------------------------
415, 

Substitutes-----------------------------------------------------------------
104, 352, 363, 

Remaining budget-----------------------------------------------------------------
PREVIOUS GW: 2.1e+06
THIS GW: 1.5e+06

Sold-----------------------------------------------------------------
176, 211, 428, 484, 579, 

Bought-----------------------------------------------------------------
234, 271, 415, 481, 606, 

Number of illegal transfers--------------------------------------------------------------
4, 

-----------------------------------------------------------------
