Selected-----------------------------------------------------------------
20, 30, 131, 154, 205, 252, 259, 330, 394, 481, 484, 489, 549, 576, 581, 

Starting-----------------------------------------------------------------
30, 131, 154, 205, 330, 394, 481, 484, 489, 549, 581, 

Captain-----------------------------------------------------------------
484, 

Vice-Captain-----------------------------------------------------------------
489, 

Substitutes-----------------------------------------------------------------
576, 252, 259, 

Remaining budget-----------------------------------------------------------------
PREVIOUS GW: 5e+06
THIS GW: 4.5e+06

Sold-----------------------------------------------------------------
44, 121, 561, 584, 

Bought-----------------------------------------------------------------
30, 154, 549, 581, 

Number of illegal transfers--------------------------------------------------------------
3, 

-----------------------------------------------------------------
