Selected-----------------------------------------------------------------
35, 48, 75, 131, 164, 176, 212, 365, 415, 495, 512, 522, 548, 557, 584, 

Starting-----------------------------------------------------------------
35, 75, 164, 176, 365, 415, 495, 512, 522, 557, 584, 

Captain-----------------------------------------------------------------
75, 

Vice-Captain-----------------------------------------------------------------
365, 

Substitutes-----------------------------------------------------------------
548, 131, 212, 

Remaining budget-----------------------------------------------------------------
PREVIOUS GW: 6.4e+06
THIS GW: 1.5e+06

Sold-----------------------------------------------------------------
25, 155, 259, 361, 536, 576, 

Bought-----------------------------------------------------------------
35, 75, 164, 365, 512, 557, 

Number of illegal transfers--------------------------------------------------------------
5, 

-----------------------------------------------------------------
