Selected-----------------------------------------------------------------
20, 48, 128, 131, 186, 252, 259, 326, 330, 481, 484, 531, 549, 584, 606, 

Starting-----------------------------------------------------------------
48, 128, 131, 252, 259, 326, 330, 481, 484, 549, 584, 

Captain-----------------------------------------------------------------
584, 

Vice-Captain-----------------------------------------------------------------
330, 

Substitutes-----------------------------------------------------------------
531, 606, 186, 

Remaining budget-----------------------------------------------------------------
PREVIOUS GW: 700000
THIS GW: 1.6e+06

Sold-----------------------------------------------------------------
164, 176, 363, 402, 

Bought-----------------------------------------------------------------
131, 252, 326, 330, 

Number of illegal transfers--------------------------------------------------------------
3, 

-----------------------------------------------------------------
