Selected-----------------------------------------------------------------
25, 58, 75, 104, 106, 212, 241, 330, 352, 363, 455, 520, 548, 577, 581, 

Starting-----------------------------------------------------------------
25, 104, 106, 212, 330, 352, 363, 520, 548, 577, 581, 

Captain-----------------------------------------------------------------
520, 

Vice-Captain-----------------------------------------------------------------
581, 

Substitutes-----------------------------------------------------------------
455, 75, 241, 

Remaining budget-----------------------------------------------------------------
PREVIOUS GW: 500000
THIS GW: 3.1e+06

Sold-----------------------------------------------------------------
394, 399, 584, 592, 

Bought-----------------------------------------------------------------
352, 520, 548, 581, 

Number of illegal transfers--------------------------------------------------------------
3, 

-----------------------------------------------------------------
