Selected-----------------------------------------------------------------
12, 44, 75, 106, 164, 211, 259, 352, 365, 428, 484, 520, 548, 561, 592, 

Starting-----------------------------------------------------------------
44, 164, 211, 259, 352, 365, 428, 484, 520, 548, 561, 

Captain-----------------------------------------------------------------
484, 

Vice-Captain-----------------------------------------------------------------
352, 

Substitutes-----------------------------------------------------------------
592, 106, 75, 

Remaining budget-----------------------------------------------------------------
PREVIOUS GW: 900000
THIS GW: 6.2e+06

Sold-----------------------------------------------------------------
89, 330, 335, 577, 

Bought-----------------------------------------------------------------
211, 352, 484, 561, 

Number of illegal transfers--------------------------------------------------------------
3, 

-----------------------------------------------------------------
