Selected-----------------------------------------------------------------
23, 54, 79, 153, 186, 240, 252, 281, 352, 394, 481, 484, 549, 576, 584, 

Starting-----------------------------------------------------------------
23, 79, 240, 252, 281, 352, 481, 484, 549, 576, 584, 

Captain-----------------------------------------------------------------
481, 

Vice-Captain-----------------------------------------------------------------
484, 

Substitutes-----------------------------------------------------------------
394, 153, 186, 

Remaining budget-----------------------------------------------------------------
PREVIOUS GW: 5.2e+06
THIS GW: 5.5e+06

Sold-----------------------------------------------------------------
128, 164, 386, 402, 

Bought-----------------------------------------------------------------
79, 240, 281, 484, 

Number of illegal transfers--------------------------------------------------------------
3, 

-----------------------------------------------------------------
