Selected-----------------------------------------------------------------
9, 30, 79, 131, 177, 203, 205, 281, 350, 481, 484, 489, 549, 577, 581, 

Starting-----------------------------------------------------------------
9, 131, 177, 205, 281, 350, 481, 484, 489, 549, 577, 

Captain-----------------------------------------------------------------
489, 

Vice-Captain-----------------------------------------------------------------
481, 

Substitutes-----------------------------------------------------------------
581, 203, 79, 

Remaining budget-----------------------------------------------------------------
PREVIOUS GW: 4.8e+06
THIS GW: 8.4e+06

Sold-----------------------------------------------------------------
259, 330, 352, 394, 584, 

Bought-----------------------------------------------------------------
177, 281, 350, 489, 577, 

Number of illegal transfers--------------------------------------------------------------
4, 

-----------------------------------------------------------------
