Selected-----------------------------------------------------------------
1, 23, 78, 92, 106, 171, 265, 307, 329, 406, 463, 484, 549, 561, 581, 

Starting-----------------------------------------------------------------
1, 78, 92, 106, 171, 265, 307, 329, 406, 549, 561, 

Captain-----------------------------------------------------------------
1, 

Vice-Captain-----------------------------------------------------------------
106, 

Substitutes-----------------------------------------------------------------
581, 484, 463, 

Remaining budget-----------------------------------------------------------------
PREVIOUS GW: 1.61e+07
THIS GW: 8e+06

Sold-----------------------------------------------------------------
30, 154, 237, 338, 489, 

Bought-----------------------------------------------------------------
1, 78, 106, 329, 406, 

Number of illegal transfers--------------------------------------------------------------
4, 

-----------------------------------------------------------------
