Selected-----------------------------------------------------------------
9, 30, 128, 176, 222, 252, 259, 363, 399, 481, 484, 531, 549, 584, 606, 

Starting-----------------------------------------------------------------
9, 128, 252, 259, 399, 481, 484, 531, 549, 584, 606, 

Captain-----------------------------------------------------------------
584, 

Vice-Captain-----------------------------------------------------------------
549, 

Substitutes-----------------------------------------------------------------
363, 222, 176, 

Remaining budget-----------------------------------------------------------------
PREVIOUS GW: 5.5e+06
THIS GW: 1.5e+06

Sold-----------------------------------------------------------------
16, 186, 402, 577, 

Bought-----------------------------------------------------------------
9, 252, 484, 606, 

Number of illegal transfers--------------------------------------------------------------
3, 

-----------------------------------------------------------------
