Selected-----------------------------------------------------------------
24, 32, 127, 128, 176, 186, 259, 363, 415, 481, 484, 520, 552, 584, 606, 

Starting-----------------------------------------------------------------
24, 128, 176, 259, 363, 415, 481, 484, 520, 584, 606, 

Captain-----------------------------------------------------------------
606, 

Vice-Captain-----------------------------------------------------------------
481, 

Substitutes-----------------------------------------------------------------
127, 186, 552, 

Remaining budget-----------------------------------------------------------------
PREVIOUS GW: 0
THIS GW: 3e+06

Sold-----------------------------------------------------------------
104, 352, 428, 583, 

Bought-----------------------------------------------------------------
259, 363, 484, 606, 

Number of illegal transfers--------------------------------------------------------------
3, 

-----------------------------------------------------------------
