Selected-----------------------------------------------------------------
48, 52, 92, 104, 105, 106, 241, 352, 363, 397, 399, 428, 548, 583, 592, 

Starting-----------------------------------------------------------------
48, 104, 105, 106, 352, 363, 397, 399, 428, 548, 583, 

Captain-----------------------------------------------------------------
428, 

Vice-Captain-----------------------------------------------------------------
399, 

Substitutes-----------------------------------------------------------------
241, 592, 92, 

Remaining budget-----------------------------------------------------------------
PREVIOUS GW: 7.9e+06
THIS GW: 500000

Sold-----------------------------------------------------------------
259, 455, 484, 520, 557, 

Bought-----------------------------------------------------------------
105, 363, 397, 399, 583, 

Number of illegal transfers--------------------------------------------------------------
4, 

-----------------------------------------------------------------
