Selected-----------------------------------------------------------------
1, 48, 90, 92, 104, 127, 234, 397, 415, 428, 481, 520, 558, 579, 583, 

Starting-----------------------------------------------------------------
1, 92, 104, 127, 397, 415, 428, 481, 520, 558, 583, 

Captain-----------------------------------------------------------------
558, 

Vice-Captain-----------------------------------------------------------------
104, 

Substitutes-----------------------------------------------------------------
90, 234, 579, 

Remaining budget-----------------------------------------------------------------
PREVIOUS GW: 3.5e+06
THIS GW: 0

Sold-----------------------------------------------------------------
12, 271, 427, 484, 548, 

Bought-----------------------------------------------------------------
1, 104, 428, 520, 558, 

Number of illegal transfers--------------------------------------------------------------
4, 

-----------------------------------------------------------------
