Selected-----------------------------------------------------------------
9, 12, 131, 203, 205, 252, 259, 281, 330, 394, 481, 484, 549, 581, 584, 

Starting-----------------------------------------------------------------
12, 131, 203, 205, 281, 330, 394, 481, 484, 581, 584, 

Captain-----------------------------------------------------------------
330, 

Vice-Captain-----------------------------------------------------------------
131, 

Substitutes-----------------------------------------------------------------
549, 259, 252, 

Remaining budget-----------------------------------------------------------------
PREVIOUS GW: 4.8e+06
THIS GW: 1.3e+06

Sold-----------------------------------------------------------------
106, 128, 186, 399, 547, 

Bought-----------------------------------------------------------------
131, 203, 205, 330, 581, 

Number of illegal transfers--------------------------------------------------------------
4, 

-----------------------------------------------------------------
