Selected-----------------------------------------------------------------
30, 35, 154, 171, 177, 237, 265, 307, 338, 394, 484, 489, 549, 561, 581, 

Starting-----------------------------------------------------------------
30, 154, 171, 177, 237, 265, 307, 484, 489, 549, 581, 

Captain-----------------------------------------------------------------
484, 

Vice-Captain-----------------------------------------------------------------
171, 

Substitutes-----------------------------------------------------------------
561, 394, 338, 

Remaining budget-----------------------------------------------------------------
PREVIOUS GW: 8.2e+06
THIS GW: 1.24e+07

Sold-----------------------------------------------------------------
131, 203, 205, 350, 557, 

Bought-----------------------------------------------------------------
154, 237, 265, 307, 549, 

Number of illegal transfers--------------------------------------------------------------
4, 

-----------------------------------------------------------------
