Selected-----------------------------------------------------------------
24, 48, 104, 127, 128, 176, 259, 363, 481, 484, 520, 522, 584, 598, 606, 

Starting-----------------------------------------------------------------
48, 128, 176, 259, 363, 481, 484, 520, 584, 598, 606, 

Captain-----------------------------------------------------------------
606, 

Vice-Captain-----------------------------------------------------------------
481, 

Substitutes-----------------------------------------------------------------
127, 104, 522, 

Remaining budget-----------------------------------------------------------------
PREVIOUS GW: 1e+06
THIS GW: 3.3e+06

Sold-----------------------------------------------------------------
186, 330, 552, 583, 

Bought-----------------------------------------------------------------
259, 484, 598, 606, 

Number of illegal transfers--------------------------------------------------------------
3, 

-----------------------------------------------------------------
