Selected-----------------------------------------------------------------
24, 48, 92, 127, 128, 186, 259, 300, 330, 335, 481, 531, 549, 584, 606, 

Starting-----------------------------------------------------------------
24, 127, 128, 186, 259, 330, 335, 531, 549, 584, 606, 

Captain-----------------------------------------------------------------
549, 

Vice-Captain-----------------------------------------------------------------
128, 

Substitutes-----------------------------------------------------------------
300, 481, 92, 

Remaining budget-----------------------------------------------------------------
PREVIOUS GW: 4.6e+06
THIS GW: 5.1e+06

Sold-----------------------------------------------------------------
415, 484, 520, 548, 

Bought-----------------------------------------------------------------
330, 335, 531, 549, 

Number of illegal transfers--------------------------------------------------------------
3, 

-----------------------------------------------------------------
