Selected-----------------------------------------------------------------
1, 23, 78, 106, 131, 171, 256, 330, 338, 350, 406, 484, 549, 557, 581, 

Starting-----------------------------------------------------------------
1, 78, 106, 171, 256, 330, 406, 484, 549, 557, 581, 

Captain-----------------------------------------------------------------
1, 

Vice-Captain-----------------------------------------------------------------
106, 

Substitutes-----------------------------------------------------------------
131, 350, 338, 

Remaining budget-----------------------------------------------------------------
PREVIOUS GW: 7.2e+06
THIS GW: 1.7e+06

Sold-----------------------------------------------------------------
35, 154, 177, 237, 489, 584, 

Bought-----------------------------------------------------------------
1, 78, 106, 256, 406, 557, 

Number of illegal transfers--------------------------------------------------------------
5, 

-----------------------------------------------------------------
