Selected-----------------------------------------------------------------
15, 31, 78, 104, 110, 222, 269, 406, 422, 427, 452, 489, 551, 572, 581, 

Starting-----------------------------------------------------------------
31, 78, 104, 110, 222, 406, 422, 452, 489, 551, 581, 

Captain-----------------------------------------------------------------
581, 

Vice-Captain-----------------------------------------------------------------
551, 

Substitutes-----------------------------------------------------------------
427, 269, 572, 

Remaining budget-----------------------------------------------------------------
PREVIOUS GW: 600000
THIS GW: 300000

Sold-----------------------------------------------------------------
111, 180, 380, 386, 

Bought-----------------------------------------------------------------
78, 222, 406, 452, 

Number of illegal transfers--------------------------------------------------------------
3, 

-----------------------------------------------------------------
