Selected-----------------------------------------------------------------
23, 30, 79, 131, 186, 252, 259, 352, 394, 402, 481, 484, 547, 549, 584, 

Starting-----------------------------------------------------------------
23, 79, 131, 252, 352, 394, 481, 484, 547, 549, 584, 

Captain-----------------------------------------------------------------
252, 

Vice-Captain-----------------------------------------------------------------
481, 

Substitutes-----------------------------------------------------------------
259, 186, 402, 

Remaining budget-----------------------------------------------------------------
PREVIOUS GW: 6.1e+06
THIS GW: 1.29e+07

Sold-----------------------------------------------------------------
125, 128, 399, 606, 

Bought-----------------------------------------------------------------
79, 131, 484, 547, 

Number of illegal transfers--------------------------------------------------------------
3, 

-----------------------------------------------------------------
