Selected-----------------------------------------------------------------
30, 48, 125, 128, 176, 186, 259, 363, 399, 428, 451, 481, 549, 584, 606, 

Starting-----------------------------------------------------------------
48, 125, 128, 259, 399, 428, 451, 481, 549, 584, 606, 

Captain-----------------------------------------------------------------
399, 

Vice-Captain-----------------------------------------------------------------
606, 

Substitutes-----------------------------------------------------------------
186, 363, 176, 

Remaining budget-----------------------------------------------------------------
PREVIOUS GW: 2.7e+06
THIS GW: 500000

Sold-----------------------------------------------------------------
104, 279, 330, 519, 

Bought-----------------------------------------------------------------
125, 428, 451, 481, 

Number of illegal transfers--------------------------------------------------------------
3, 

-----------------------------------------------------------------
