Selected-----------------------------------------------------------------
44, 66, 75, 89, 164, 198, 259, 365, 415, 472, 489, 512, 548, 583, 584, 

Starting-----------------------------------------------------------------
44, 75, 164, 198, 365, 415, 472, 489, 512, 548, 584, 

Captain-----------------------------------------------------------------
512, 

Vice-Captain-----------------------------------------------------------------
365, 

Substitutes-----------------------------------------------------------------
89, 259, 583, 

Remaining budget-----------------------------------------------------------------
PREVIOUS GW: 400000
THIS GW: 100000

Sold-----------------------------------------------------------------
37, 186, 265, 522, 

Bought-----------------------------------------------------------------
44, 164, 198, 512, 

Number of illegal transfers--------------------------------------------------------------
3, 

-----------------------------------------------------------------
