Selected-----------------------------------------------------------------
1, 37, 89, 176, 186, 259, 265, 274, 413, 415, 495, 522, 557, 584, 610, 

Starting-----------------------------------------------------------------
37, 176, 186, 259, 274, 413, 415, 495, 522, 557, 584, 

Captain-----------------------------------------------------------------
415, 

Vice-Captain-----------------------------------------------------------------
495, 

Substitutes-----------------------------------------------------------------
610, 89, 265, 

Remaining budget-----------------------------------------------------------------
PREVIOUS GW: 2.7e+06
THIS GW: 400000

Sold-----------------------------------------------------------------
183, 365, 394, 472, 548, 583, 

Bought-----------------------------------------------------------------
176, 413, 415, 495, 557, 584, 

Number of illegal transfers--------------------------------------------------------------
5, 

-----------------------------------------------------------------
