Selected-----------------------------------------------------------------
15, 23, 92, 104, 106, 163, 259, 330, 352, 363, 412, 520, 548, 577, 606, 

Starting-----------------------------------------------------------------
23, 104, 163, 259, 330, 352, 363, 520, 548, 577, 606, 

Captain-----------------------------------------------------------------
520, 

Vice-Captain-----------------------------------------------------------------
606, 

Substitutes-----------------------------------------------------------------
106, 92, 412, 

Remaining budget-----------------------------------------------------------------
PREVIOUS GW: 6.3e+06
THIS GW: 7.3e+06

Sold-----------------------------------------------------------------
12, 75, 394, 455, 592, 

Bought-----------------------------------------------------------------
23, 259, 352, 520, 606, 

Number of illegal transfers--------------------------------------------------------------
4, 

-----------------------------------------------------------------
