Selected-----------------------------------------------------------------
17, 48, 125, 128, 176, 186, 259, 330, 363, 399, 415, 520, 549, 584, 606, 

Starting-----------------------------------------------------------------
17, 125, 128, 186, 330, 363, 399, 415, 549, 584, 606, 

Captain-----------------------------------------------------------------
606, 

Vice-Captain-----------------------------------------------------------------
399, 

Substitutes-----------------------------------------------------------------
176, 259, 520, 

Remaining budget-----------------------------------------------------------------
PREVIOUS GW: 300000
THIS GW: 2.6e+06

Sold-----------------------------------------------------------------
24, 106, 406, 548, 608, 

Bought-----------------------------------------------------------------
17, 125, 399, 549, 584, 

Number of illegal transfers--------------------------------------------------------------
4, 

-----------------------------------------------------------------
