Selected-----------------------------------------------------------------
1, 52, 75, 96, 100, 251, 269, 394, 400, 406, 415, 423, 570, 577, 586, 

Starting-----------------------------------------------------------------
1, 75, 100, 269, 394, 400, 406, 415, 423, 570, 577, 

Captain-----------------------------------------------------------------
577, 

Vice-Captain-----------------------------------------------------------------
394, 

Substitutes-----------------------------------------------------------------
586, 96, 251, 

Remaining budget-----------------------------------------------------------------
PREVIOUS GW: 4.5e+06
THIS GW: 1.6e+06

Sold-----------------------------------------------------------------
405, 489, 575, 599, 

Bought-----------------------------------------------------------------
394, 423, 570, 577, 

Number of illegal transfers--------------------------------------------------------------
3, 

-----------------------------------------------------------------
