Selected-----------------------------------------------------------------
48, 52, 75, 89, 92, 164, 176, 330, 428, 455, 512, 520, 548, 581, 592, 

Starting-----------------------------------------------------------------
48, 75, 92, 164, 330, 428, 455, 520, 548, 581, 592, 

Captain-----------------------------------------------------------------
455, 

Vice-Captain-----------------------------------------------------------------
548, 

Substitutes-----------------------------------------------------------------
512, 176, 89, 

Remaining budget-----------------------------------------------------------------
PREVIOUS GW: 2.1e+06
THIS GW: 300000

Sold-----------------------------------------------------------------
12, 394, 557, 621, 

Bought-----------------------------------------------------------------
48, 520, 548, 581, 

Number of illegal transfers--------------------------------------------------------------
3, 

-----------------------------------------------------------------
