Selected-----------------------------------------------------------------
15, 44, 75, 92, 164, 221, 241, 365, 394, 428, 455, 481, 557, 584, 621, 

Starting-----------------------------------------------------------------
44, 75, 164, 241, 365, 394, 428, 455, 481, 557, 584, 

Captain-----------------------------------------------------------------
584, 

Vice-Captain-----------------------------------------------------------------
455, 

Substitutes-----------------------------------------------------------------
92, 221, 621, 

Remaining budget-----------------------------------------------------------------
PREVIOUS GW: 1.1e+06
THIS GW: 1e+06

Sold-----------------------------------------------------------------
89, 397, 415, 616, 

Bought-----------------------------------------------------------------
241, 455, 481, 584, 

Number of illegal transfers--------------------------------------------------------------
3, 

-----------------------------------------------------------------
