Selected-----------------------------------------------------------------
12, 48, 104, 105, 158, 167, 241, 352, 428, 455, 484, 520, 557, 579, 583, 

Starting-----------------------------------------------------------------
48, 104, 105, 158, 167, 352, 428, 484, 557, 579, 583, 

Captain-----------------------------------------------------------------
428, 

Vice-Captain-----------------------------------------------------------------
557, 

Substitutes-----------------------------------------------------------------
520, 241, 455, 

Remaining budget-----------------------------------------------------------------
PREVIOUS GW: 3.5e+06
THIS GW: 2.2e+06

Sold-----------------------------------------------------------------
92, 210, 237, 548, 606, 

Bought-----------------------------------------------------------------
105, 158, 167, 579, 583, 

Number of illegal transfers--------------------------------------------------------------
4, 

-----------------------------------------------------------------
