Selected-----------------------------------------------------------------
52, 54, 75, 128, 164, 198, 267, 365, 406, 428, 455, 512, 548, 592, 610, 

Starting-----------------------------------------------------------------
54, 75, 164, 198, 267, 365, 406, 428, 455, 512, 592, 

Captain-----------------------------------------------------------------
428, 

Vice-Captain-----------------------------------------------------------------
512, 

Substitutes-----------------------------------------------------------------
548, 128, 610, 

Remaining budget-----------------------------------------------------------------
PREVIOUS GW: 2.4e+06
THIS GW: 1.7e+06

Sold-----------------------------------------------------------------
89, 176, 178, 489, 495, 522, 584, 

Bought-----------------------------------------------------------------
164, 198, 267, 428, 455, 512, 592, 

Number of illegal transfers--------------------------------------------------------------
6, 

-----------------------------------------------------------------
