Selected-----------------------------------------------------------------
24, 48, 104, 105, 106, 127, 128, 428, 481, 484, 520, 536, 558, 606, 610, 

Starting-----------------------------------------------------------------
24, 104, 105, 106, 127, 128, 481, 484, 520, 606, 610, 

Captain-----------------------------------------------------------------
481, 

Vice-Captain-----------------------------------------------------------------
128, 

Substitutes-----------------------------------------------------------------
428, 558, 536, 

Remaining budget-----------------------------------------------------------------
PREVIOUS GW: 1e+06
THIS GW: 300000

Sold-----------------------------------------------------------------
12, 92, 234, 583, 

Bought-----------------------------------------------------------------
24, 104, 128, 606, 

Number of illegal transfers--------------------------------------------------------------
3, 

-----------------------------------------------------------------
