Selected-----------------------------------------------------------------
9, 30, 125, 128, 170, 222, 259, 335, 363, 451, 466, 481, 549, 584, 606, 

Starting-----------------------------------------------------------------
9, 125, 128, 259, 335, 451, 466, 481, 549, 584, 606, 

Captain-----------------------------------------------------------------
549, 

Vice-Captain-----------------------------------------------------------------
584, 

Substitutes-----------------------------------------------------------------
363, 170, 222, 

Remaining budget-----------------------------------------------------------------
PREVIOUS GW: 1e+06
THIS GW: 7.5e+06

Sold-----------------------------------------------------------------
54, 399, 402, 577, 

Bought-----------------------------------------------------------------
9, 335, 466, 549, 

Number of illegal transfers--------------------------------------------------------------
3, 

-----------------------------------------------------------------
