Selected-----------------------------------------------------------------
15, 58, 104, 167, 241, 249, 267, 330, 344, 399, 428, 520, 548, 557, 577, 

Starting-----------------------------------------------------------------
58, 104, 167, 267, 330, 399, 428, 520, 548, 557, 577, 

Captain-----------------------------------------------------------------
428, 

Vice-Captain-----------------------------------------------------------------
557, 

Substitutes-----------------------------------------------------------------
249, 344, 241, 

Remaining budget-----------------------------------------------------------------
PREVIOUS GW: 2.1e+06
THIS GW: 100000

Sold-----------------------------------------------------------------
75, 106, 352, 581, 

Bought-----------------------------------------------------------------
167, 267, 428, 557, 

Number of illegal transfers--------------------------------------------------------------
3, 

-----------------------------------------------------------------
