Selected-----------------------------------------------------------------
12, 66, 90, 106, 127, 234, 271, 427, 481, 484, 520, 536, 548, 583, 610, 

Starting-----------------------------------------------------------------
12, 127, 234, 271, 427, 481, 484, 536, 548, 583, 610, 

Captain-----------------------------------------------------------------
481, 

Vice-Captain-----------------------------------------------------------------
127, 

Substitutes-----------------------------------------------------------------
520, 106, 90, 

Remaining budget-----------------------------------------------------------------
PREVIOUS GW: 1.7e+06
THIS GW: 7e+06

Sold-----------------------------------------------------------------
105, 397, 415, 606, 615, 

Bought-----------------------------------------------------------------
127, 484, 536, 548, 610, 

Number of illegal transfers--------------------------------------------------------------
4, 

-----------------------------------------------------------------
