Selected-----------------------------------------------------------------
52, 58, 93, 106, 158, 249, 271, 330, 363, 394, 428, 455, 557, 577, 592, 

Starting-----------------------------------------------------------------
58, 106, 158, 249, 330, 363, 394, 428, 557, 577, 592, 

Captain-----------------------------------------------------------------
330, 

Vice-Captain-----------------------------------------------------------------
428, 

Substitutes-----------------------------------------------------------------
455, 271, 93, 

Remaining budget-----------------------------------------------------------------
PREVIOUS GW: 2.8e+06
THIS GW: 0

Sold-----------------------------------------------------------------
54, 75, 164, 512, 520, 548, 

Bought-----------------------------------------------------------------
58, 158, 249, 363, 428, 592, 

Number of illegal transfers--------------------------------------------------------------
5, 

-----------------------------------------------------------------
