Selected-----------------------------------------------------------------
24, 48, 104, 106, 127, 128, 176, 277, 363, 397, 481, 522, 548, 558, 583, 

Starting-----------------------------------------------------------------
24, 104, 127, 128, 277, 363, 481, 522, 548, 558, 583, 

Captain-----------------------------------------------------------------
583, 

Vice-Captain-----------------------------------------------------------------
548, 

Substitutes-----------------------------------------------------------------
106, 176, 397, 

Remaining budget-----------------------------------------------------------------
PREVIOUS GW: 1.1e+06
THIS GW: 900000

Sold-----------------------------------------------------------------
415, 484, 606, 607, 

Bought-----------------------------------------------------------------
277, 363, 558, 583, 

Number of illegal transfers--------------------------------------------------------------
3, 

-----------------------------------------------------------------
