Selected-----------------------------------------------------------------
24, 30, 90, 106, 127, 128, 259, 428, 481, 484, 520, 522, 583, 606, 607, 

Starting-----------------------------------------------------------------
24, 106, 127, 128, 259, 428, 481, 484, 520, 583, 606, 

Captain-----------------------------------------------------------------
481, 

Vice-Captain-----------------------------------------------------------------
606, 

Substitutes-----------------------------------------------------------------
522, 607, 90, 

Remaining budget-----------------------------------------------------------------
PREVIOUS GW: 800000
THIS GW: 400000

Sold-----------------------------------------------------------------
1, 105, 234, 558, 

Bought-----------------------------------------------------------------
24, 127, 128, 606, 

Number of illegal transfers--------------------------------------------------------------
3, 

-----------------------------------------------------------------
