Selected-----------------------------------------------------------------
12, 44, 75, 96, 106, 164, 221, 308, 330, 365, 394, 455, 548, 557, 592, 

Starting-----------------------------------------------------------------
12, 75, 96, 106, 164, 308, 330, 365, 394, 455, 557, 

Captain-----------------------------------------------------------------
394, 

Vice-Captain-----------------------------------------------------------------
308, 

Substitutes-----------------------------------------------------------------
592, 548, 221, 

Remaining budget-----------------------------------------------------------------
PREVIOUS GW: 8.9e+06
THIS GW: 3.9e+06

Sold-----------------------------------------------------------------
89, 267, 512, 584, 

Bought-----------------------------------------------------------------
96, 106, 330, 557, 

Number of illegal transfers--------------------------------------------------------------
3, 

-----------------------------------------------------------------
