Selected-----------------------------------------------------------------
30, 54, 75, 132, 155, 164, 176, 365, 455, 489, 495, 512, 557, 577, 584, 

Starting-----------------------------------------------------------------
54, 75, 164, 176, 365, 455, 489, 495, 512, 557, 584, 

Captain-----------------------------------------------------------------
584, 

Vice-Captain-----------------------------------------------------------------
512, 

Substitutes-----------------------------------------------------------------
577, 132, 155, 

Remaining budget-----------------------------------------------------------------
PREVIOUS GW: 800000
THIS GW: 3.3e+06

Sold-----------------------------------------------------------------
12, 415, 428, 472, 551, 

Bought-----------------------------------------------------------------
54, 455, 489, 512, 584, 

Number of illegal transfers--------------------------------------------------------------
4, 

-----------------------------------------------------------------
