Total expected points: 288.237
Selected-----------------------------------------------------------------
12, 37, 75, 89, 176, 259, 265, 274, 365, 394, 495, 522, 548, 583, 610, 

Starting-----------------------------------------------------------------
12, 75, 89, 176, 274, 365, 394, 495, 522, 548, 583, 

Captain-----------------------------------------------------------------
522, 

Vice-Captain-----------------------------------------------------------------
365, 

Substitutes-----------------------------------------------------------------
610, 259, 265, 

Remaining budget-----------------------------------------------------------------
3.2e+06, 

-----------------------------------------------------------------
