Selected-----------------------------------------------------------------
12, 48, 90, 104, 106, 127, 271, 352, 428, 481, 484, 520, 548, 558, 583, 

Starting-----------------------------------------------------------------
12, 104, 106, 127, 428, 481, 484, 520, 548, 558, 583, 

Captain-----------------------------------------------------------------
558, 

Vice-Captain-----------------------------------------------------------------
104, 

Substitutes-----------------------------------------------------------------
90, 271, 352, 

Remaining budget-----------------------------------------------------------------
PREVIOUS GW: 2.5e+06
THIS GW: 500000

Sold-----------------------------------------------------------------
234, 399, 427, 579, 

Bought-----------------------------------------------------------------
104, 428, 520, 558, 

Number of illegal transfers--------------------------------------------------------------
3, 

-----------------------------------------------------------------
