Selected-----------------------------------------------------------------
35, 48, 75, 164, 198, 221, 259, 365, 415, 428, 495, 512, 548, 577, 584, 

Starting-----------------------------------------------------------------
35, 75, 164, 198, 365, 415, 428, 495, 512, 577, 584, 

Captain-----------------------------------------------------------------
75, 

Vice-Captain-----------------------------------------------------------------
365, 

Substitutes-----------------------------------------------------------------
548, 259, 221, 

Remaining budget-----------------------------------------------------------------
PREVIOUS GW: 4e+06
THIS GW: 400000

Sold-----------------------------------------------------------------
25, 131, 155, 176, 522, 536, 583, 

Bought-----------------------------------------------------------------
35, 75, 164, 198, 428, 512, 577, 

Number of illegal transfers--------------------------------------------------------------
6, 

-----------------------------------------------------------------
