Selected-----------------------------------------------------------------
12, 16, 75, 93, 106, 167, 241, 330, 394, 428, 455, 512, 557, 577, 592, 

Starting-----------------------------------------------------------------
12, 75, 106, 241, 330, 394, 428, 455, 557, 577, 592, 

Captain-----------------------------------------------------------------
330, 

Vice-Captain-----------------------------------------------------------------
394, 

Substitutes-----------------------------------------------------------------
167, 512, 93, 

Remaining budget-----------------------------------------------------------------
PREVIOUS GW: 400000
THIS GW: 300000

Sold-----------------------------------------------------------------
54, 164, 365, 584, 

Bought-----------------------------------------------------------------
12, 106, 330, 577, 

Number of illegal transfers--------------------------------------------------------------
3, 

-----------------------------------------------------------------
