Selected-----------------------------------------------------------------
25, 48, 75, 106, 164, 176, 241, 394, 455, 489, 495, 512, 557, 584, 621, 

Starting-----------------------------------------------------------------
25, 106, 176, 241, 394, 455, 489, 495, 512, 557, 584, 

Captain-----------------------------------------------------------------
584, 

Vice-Captain-----------------------------------------------------------------
455, 

Substitutes-----------------------------------------------------------------
75, 164, 621, 

Remaining budget-----------------------------------------------------------------
PREVIOUS GW: 2.3e+06
THIS GW: 6.1e+06

Sold-----------------------------------------------------------------
92, 223, 365, 428, 

Bought-----------------------------------------------------------------
176, 241, 489, 512, 

Number of illegal transfers--------------------------------------------------------------
3, 

-----------------------------------------------------------------
