Selected-----------------------------------------------------------------
9, 30, 125, 128, 170, 222, 259, 335, 399, 451, 466, 481, 549, 584, 606, 

Starting-----------------------------------------------------------------
9, 125, 128, 259, 335, 451, 466, 481, 549, 584, 606, 

Captain-----------------------------------------------------------------
549, 

Vice-Captain-----------------------------------------------------------------
584, 

Substitutes-----------------------------------------------------------------
399, 170, 222, 

Remaining budget-----------------------------------------------------------------
PREVIOUS GW: 400000
THIS GW: 5.6e+06

Sold-----------------------------------------------------------------
17, 428, 519, 577, 

Bought-----------------------------------------------------------------
9, 335, 466, 549, 

Number of illegal transfers--------------------------------------------------------------
3, 

-----------------------------------------------------------------
