Selected-----------------------------------------------------------------
24, 48, 104, 127, 128, 176, 186, 363, 428, 481, 520, 536, 548, 583, 598, 

Starting-----------------------------------------------------------------
48, 104, 128, 186, 363, 428, 481, 536, 548, 583, 598, 

Captain-----------------------------------------------------------------
548, 

Vice-Captain-----------------------------------------------------------------
598, 

Substitutes-----------------------------------------------------------------
127, 176, 520, 

Remaining budget-----------------------------------------------------------------
PREVIOUS GW: 1.9e+06
THIS GW: 2.6e+06

Sold-----------------------------------------------------------------
106, 397, 484, 606, 

Bought-----------------------------------------------------------------
186, 363, 428, 548, 

Number of illegal transfers--------------------------------------------------------------
3, 

-----------------------------------------------------------------
