Selected-----------------------------------------------------------------
9, 48, 131, 186, 222, 252, 259, 330, 350, 352, 394, 481, 549, 581, 584, 

Starting-----------------------------------------------------------------
9, 131, 186, 252, 330, 350, 352, 481, 549, 581, 584, 

Captain-----------------------------------------------------------------
584, 

Vice-Captain-----------------------------------------------------------------
581, 

Substitutes-----------------------------------------------------------------
394, 222, 259, 

Remaining budget-----------------------------------------------------------------
PREVIOUS GW: 1.5e+06
THIS GW: 4.6e+06

Sold-----------------------------------------------------------------
128, 484, 531, 606, 

Bought-----------------------------------------------------------------
131, 350, 352, 581, 

Number of illegal transfers--------------------------------------------------------------
3, 

-----------------------------------------------------------------
