Selected-----------------------------------------------------------------
12, 30, 106, 128, 176, 186, 259, 300, 363, 415, 428, 522, 584, 606, 608, 

Starting-----------------------------------------------------------------
30, 106, 128, 176, 186, 259, 363, 415, 428, 584, 608, 

Captain-----------------------------------------------------------------
128, 

Vice-Captain-----------------------------------------------------------------
259, 

Substitutes-----------------------------------------------------------------
606, 522, 300, 

Remaining budget-----------------------------------------------------------------
PREVIOUS GW: 3.1e+06
THIS GW: 2.1e+06

Sold-----------------------------------------------------------------
48, 104, 558, 598, 

Bought-----------------------------------------------------------------
30, 259, 584, 608, 

Number of illegal transfers--------------------------------------------------------------
3, 

-----------------------------------------------------------------
