Selected-----------------------------------------------------------------
20, 52, 106, 127, 128, 176, 186, 335, 363, 399, 481, 531, 549, 584, 606, 

Starting-----------------------------------------------------------------
20, 128, 176, 186, 363, 399, 481, 531, 549, 584, 606, 

Captain-----------------------------------------------------------------
481, 

Vice-Captain-----------------------------------------------------------------
363, 

Substitutes-----------------------------------------------------------------
335, 106, 127, 

Remaining budget-----------------------------------------------------------------
PREVIOUS GW: 1.7e+06
THIS GW: 2.1e+06

Sold-----------------------------------------------------------------
24, 104, 428, 455, 

Bought-----------------------------------------------------------------
20, 186, 399, 481, 

Number of illegal transfers--------------------------------------------------------------
3, 

-----------------------------------------------------------------
