Selected-----------------------------------------------------------------
44, 49, 75, 89, 103, 164, 267, 344, 365, 415, 428, 455, 548, 557, 584, 

Starting-----------------------------------------------------------------
44, 75, 164, 267, 344, 365, 415, 428, 455, 557, 584, 

Captain-----------------------------------------------------------------
428, 

Vice-Captain-----------------------------------------------------------------
365, 

Substitutes-----------------------------------------------------------------
548, 89, 103, 

Remaining budget-----------------------------------------------------------------
PREVIOUS GW: 0
THIS GW: 500000

Sold-----------------------------------------------------------------
12, 176, 178, 186, 314, 495, 522, 583, 

Bought-----------------------------------------------------------------
44, 75, 164, 267, 344, 415, 455, 557, 

Number of illegal transfers--------------------------------------------------------------
7, 

-----------------------------------------------------------------
