Selected-----------------------------------------------------------------
52, 54, 75, 92, 164, 241, 259, 308, 449, 455, 463, 512, 557, 584, 592, 

Starting-----------------------------------------------------------------
54, 75, 92, 241, 308, 449, 455, 463, 512, 584, 592, 

Captain-----------------------------------------------------------------
455, 

Vice-Captain-----------------------------------------------------------------
241, 

Substitutes-----------------------------------------------------------------
557, 259, 164, 

Remaining budget-----------------------------------------------------------------
PREVIOUS GW: 3.3e+06
THIS GW: 9.3e+06

Sold-----------------------------------------------------------------
198, 365, 394, 428, 610, 

Bought-----------------------------------------------------------------
241, 449, 463, 512, 584, 

Number of illegal transfers--------------------------------------------------------------
4, 

-----------------------------------------------------------------
