Selected-----------------------------------------------------------------
48, 58, 90, 104, 249, 259, 267, 352, 399, 428, 484, 520, 548, 557, 561, 

Starting-----------------------------------------------------------------
48, 90, 104, 259, 352, 428, 484, 520, 548, 557, 561, 

Captain-----------------------------------------------------------------
352, 

Vice-Captain-----------------------------------------------------------------
484, 

Substitutes-----------------------------------------------------------------
399, 267, 249, 

Remaining budget-----------------------------------------------------------------
PREVIOUS GW: 400000
THIS GW: 3.7e+06

Sold-----------------------------------------------------------------
271, 330, 392, 577, 

Bought-----------------------------------------------------------------
90, 352, 484, 561, 

Number of illegal transfers--------------------------------------------------------------
3, 

-----------------------------------------------------------------
