Selected-----------------------------------------------------------------
25, 58, 104, 106, 212, 241, 259, 330, 352, 363, 455, 520, 548, 577, 581, 

Starting-----------------------------------------------------------------
25, 104, 106, 259, 330, 352, 363, 520, 548, 577, 581, 

Captain-----------------------------------------------------------------
520, 

Vice-Captain-----------------------------------------------------------------
581, 

Substitutes-----------------------------------------------------------------
455, 212, 241, 

Remaining budget-----------------------------------------------------------------
PREVIOUS GW: 500000
THIS GW: 4.5e+06

Sold-----------------------------------------------------------------
75, 394, 399, 584, 592, 

Bought-----------------------------------------------------------------
259, 352, 520, 548, 581, 

Number of illegal transfers--------------------------------------------------------------
4, 

-----------------------------------------------------------------
