Selected-----------------------------------------------------------------
12, 54, 93, 106, 167, 259, 271, 330, 344, 352, 455, 520, 548, 557, 577, 

Starting-----------------------------------------------------------------
54, 106, 259, 271, 330, 352, 455, 520, 548, 557, 577, 

Captain-----------------------------------------------------------------
520, 

Vice-Captain-----------------------------------------------------------------
455, 

Substitutes-----------------------------------------------------------------
344, 167, 93, 

Remaining budget-----------------------------------------------------------------
PREVIOUS GW: 400000
THIS GW: 8.8e+06

Sold-----------------------------------------------------------------
75, 241, 394, 428, 592, 

Bought-----------------------------------------------------------------
259, 271, 352, 520, 548, 

Number of illegal transfers--------------------------------------------------------------
4, 

-----------------------------------------------------------------
