Selected-----------------------------------------------------------------
25, 35, 75, 164, 198, 241, 259, 308, 365, 455, 463, 512, 548, 557, 592, 

Starting-----------------------------------------------------------------
25, 75, 164, 241, 308, 365, 455, 463, 512, 548, 592, 

Captain-----------------------------------------------------------------
455, 

Vice-Captain-----------------------------------------------------------------
592, 

Substitutes-----------------------------------------------------------------
198, 557, 259, 

Remaining budget-----------------------------------------------------------------
PREVIOUS GW: 3e+06
THIS GW: 8.5e+06

Sold-----------------------------------------------------------------
15, 221, 428, 577, 

Bought-----------------------------------------------------------------
25, 241, 463, 592, 

Number of illegal transfers--------------------------------------------------------------
3, 

-----------------------------------------------------------------
