Selected-----------------------------------------------------------------
12, 48, 90, 93, 104, 106, 127, 397, 428, 481, 484, 520, 552, 583, 606, 

Starting-----------------------------------------------------------------
48, 90, 106, 127, 397, 428, 481, 484, 520, 583, 606, 

Captain-----------------------------------------------------------------
484, 

Vice-Captain-----------------------------------------------------------------
481, 

Substitutes-----------------------------------------------------------------
104, 93, 552, 

Remaining budget-----------------------------------------------------------------
PREVIOUS GW: 1.2e+06
THIS GW: 0

Sold-----------------------------------------------------------------
167, 363, 399, 579, 

Bought-----------------------------------------------------------------
127, 481, 520, 606, 

Number of illegal transfers--------------------------------------------------------------
3, 

-----------------------------------------------------------------
