Selected-----------------------------------------------------------------
12, 44, 104, 106, 241, 249, 259, 330, 352, 399, 455, 520, 548, 577, 584, 

Starting-----------------------------------------------------------------
44, 104, 106, 259, 330, 352, 399, 520, 548, 577, 584, 

Captain-----------------------------------------------------------------
520, 

Vice-Captain-----------------------------------------------------------------
548, 

Substitutes-----------------------------------------------------------------
455, 249, 241, 

Remaining budget-----------------------------------------------------------------
PREVIOUS GW: 400000
THIS GW: 6.4e+06

Sold-----------------------------------------------------------------
75, 365, 394, 592, 

Bought-----------------------------------------------------------------
259, 352, 520, 548, 

Number of illegal transfers--------------------------------------------------------------
3, 

-----------------------------------------------------------------
