Selected-----------------------------------------------------------------
30, 48, 106, 108, 128, 176, 186, 279, 330, 363, 406, 519, 548, 584, 598, 

Starting-----------------------------------------------------------------
30, 108, 128, 176, 186, 279, 330, 363, 519, 548, 584, 

Captain-----------------------------------------------------------------
584, 

Vice-Captain-----------------------------------------------------------------
186, 

Substitutes-----------------------------------------------------------------
406, 598, 106, 

Remaining budget-----------------------------------------------------------------
PREVIOUS GW: 3.1e+06
THIS GW: 4e+06

Sold-----------------------------------------------------------------
12, 300, 481, 606, 

Bought-----------------------------------------------------------------
30, 330, 519, 584, 

Number of illegal transfers--------------------------------------------------------------
3, 

-----------------------------------------------------------------
