Selected-----------------------------------------------------------------
30, 48, 127, 128, 176, 186, 259, 352, 363, 415, 428, 481, 584, 606, 608, 

Starting-----------------------------------------------------------------
48, 128, 176, 259, 363, 415, 428, 481, 584, 606, 608, 

Captain-----------------------------------------------------------------
363, 

Vice-Captain-----------------------------------------------------------------
259, 

Substitutes-----------------------------------------------------------------
186, 127, 352, 

Remaining budget-----------------------------------------------------------------
PREVIOUS GW: 3.9e+06
THIS GW: 900000

Sold-----------------------------------------------------------------
104, 326, 548, 610, 

Bought-----------------------------------------------------------------
259, 415, 606, 608, 

Number of illegal transfers--------------------------------------------------------------
3, 

-----------------------------------------------------------------
