Selected-----------------------------------------------------------------
12, 54, 75, 164, 167, 221, 241, 344, 394, 428, 455, 512, 557, 584, 592, 

Starting-----------------------------------------------------------------
54, 75, 167, 241, 344, 394, 455, 512, 557, 584, 592, 

Captain-----------------------------------------------------------------
455, 

Vice-Captain-----------------------------------------------------------------
584, 

Substitutes-----------------------------------------------------------------
428, 164, 221, 

Remaining budget-----------------------------------------------------------------
PREVIOUS GW: 3.2e+06
THIS GW: 2.8e+06

Sold-----------------------------------------------------------------
15, 308, 365, 549, 

Bought-----------------------------------------------------------------
54, 344, 512, 592, 

Number of illegal transfers--------------------------------------------------------------
3, 

-----------------------------------------------------------------
