Selected-----------------------------------------------------------------
9, 15, 131, 186, 222, 232, 252, 330, 394, 481, 484, 531, 549, 576, 581, 

Starting-----------------------------------------------------------------
9, 131, 232, 252, 330, 394, 481, 484, 549, 576, 581, 

Captain-----------------------------------------------------------------
549, 

Vice-Captain-----------------------------------------------------------------
481, 

Substitutes-----------------------------------------------------------------
531, 222, 186, 

Remaining budget-----------------------------------------------------------------
PREVIOUS GW: 7.9e+06
THIS GW: 100000

Sold-----------------------------------------------------------------
20, 128, 338, 350, 584, 

Bought-----------------------------------------------------------------
9, 232, 394, 481, 581, 

Number of illegal transfers--------------------------------------------------------------
4, 

-----------------------------------------------------------------
