Selected-----------------------------------------------------------------
12, 24, 104, 106, 108, 128, 176, 300, 361, 406, 481, 520, 548, 558, 606, 

Starting-----------------------------------------------------------------
24, 104, 106, 108, 128, 176, 361, 406, 481, 520, 606, 

Captain-----------------------------------------------------------------
128, 

Vice-Captain-----------------------------------------------------------------
104, 

Substitutes-----------------------------------------------------------------
548, 300, 558, 

Remaining budget-----------------------------------------------------------------
PREVIOUS GW: 3e+06
THIS GW: 2.3e+06

Sold-----------------------------------------------------------------
92, 127, 428, 536, 

Bought-----------------------------------------------------------------
108, 176, 361, 406, 

Number of illegal transfers--------------------------------------------------------------
3, 

-----------------------------------------------------------------
