Selected-----------------------------------------------------------------
12, 44, 90, 105, 106, 234, 271, 352, 399, 405, 481, 484, 579, 583, 607, 

Starting-----------------------------------------------------------------
12, 105, 106, 234, 271, 352, 405, 481, 484, 579, 583, 

Captain-----------------------------------------------------------------
481, 

Vice-Captain-----------------------------------------------------------------
484, 

Substitutes-----------------------------------------------------------------
399, 90, 607, 

Remaining budget-----------------------------------------------------------------
PREVIOUS GW: 2.9e+06
THIS GW: 2.2e+06

Sold-----------------------------------------------------------------
104, 249, 428, 510, 

Bought-----------------------------------------------------------------
234, 271, 405, 481, 

Number of illegal transfers--------------------------------------------------------------
3, 

-----------------------------------------------------------------
