Selected-----------------------------------------------------------------
15, 30, 104, 128, 176, 222, 259, 330, 363, 399, 402, 531, 549, 584, 608, 

Starting-----------------------------------------------------------------
30, 104, 128, 222, 330, 363, 399, 402, 549, 584, 608, 

Captain-----------------------------------------------------------------
363, 

Vice-Captain-----------------------------------------------------------------
399, 

Substitutes-----------------------------------------------------------------
531, 259, 176, 

Remaining budget-----------------------------------------------------------------
PREVIOUS GW: 3.1e+06
THIS GW: 5.9e+06

Sold-----------------------------------------------------------------
24, 127, 428, 481, 519, 

Bought-----------------------------------------------------------------
30, 222, 363, 399, 402, 

Number of illegal transfers--------------------------------------------------------------
4, 

-----------------------------------------------------------------
