Selected-----------------------------------------------------------------
12, 44, 100, 106, 176, 241, 259, 330, 352, 399, 455, 520, 557, 577, 581, 

Starting-----------------------------------------------------------------
44, 106, 176, 259, 330, 352, 399, 520, 557, 577, 581, 

Captain-----------------------------------------------------------------
520, 

Vice-Captain-----------------------------------------------------------------
581, 

Substitutes-----------------------------------------------------------------
455, 100, 241, 

Remaining budget-----------------------------------------------------------------
PREVIOUS GW: 800000
THIS GW: 100000

Sold-----------------------------------------------------------------
75, 365, 394, 549, 

Bought-----------------------------------------------------------------
259, 352, 520, 581, 

Number of illegal transfers--------------------------------------------------------------
3, 

-----------------------------------------------------------------
