Selected-----------------------------------------------------------------
23, 48, 131, 203, 205, 252, 259, 330, 352, 394, 481, 484, 549, 581, 584, 

Starting-----------------------------------------------------------------
23, 131, 203, 205, 330, 352, 394, 481, 484, 581, 584, 

Captain-----------------------------------------------------------------
330, 

Vice-Captain-----------------------------------------------------------------
131, 

Substitutes-----------------------------------------------------------------
549, 259, 252, 

Remaining budget-----------------------------------------------------------------
PREVIOUS GW: 1.15e+07
THIS GW: 6.7e+06

Sold-----------------------------------------------------------------
125, 128, 186, 399, 547, 

Bought-----------------------------------------------------------------
131, 203, 205, 330, 581, 

Number of illegal transfers--------------------------------------------------------------
4, 

-----------------------------------------------------------------
