Selected-----------------------------------------------------------------
24, 52, 92, 105, 106, 127, 128, 300, 415, 481, 484, 520, 579, 583, 606, 

Starting-----------------------------------------------------------------
24, 105, 106, 127, 128, 415, 481, 484, 520, 583, 606, 

Captain-----------------------------------------------------------------
481, 

Vice-Captain-----------------------------------------------------------------
484, 

Substitutes-----------------------------------------------------------------
92, 579, 300, 

Remaining budget-----------------------------------------------------------------
PREVIOUS GW: 3.2e+06
THIS GW: 1.7e+06

Sold-----------------------------------------------------------------
48, 241, 428, 548, 

Bought-----------------------------------------------------------------
24, 128, 415, 606, 

Number of illegal transfers--------------------------------------------------------------
3, 

-----------------------------------------------------------------
