Selected-----------------------------------------------------------------
24, 66, 104, 106, 127, 234, 271, 415, 427, 481, 484, 520, 548, 583, 610, 

Starting-----------------------------------------------------------------
24, 127, 234, 271, 427, 481, 484, 520, 548, 583, 610, 

Captain-----------------------------------------------------------------
481, 

Vice-Captain-----------------------------------------------------------------
127, 

Substitutes-----------------------------------------------------------------
415, 106, 104, 

Remaining budget-----------------------------------------------------------------
PREVIOUS GW: 300000
THIS GW: 3.1e+06

Sold-----------------------------------------------------------------
48, 105, 397, 606, 615, 

Bought-----------------------------------------------------------------
24, 127, 484, 548, 610, 

Number of illegal transfers--------------------------------------------------------------
4, 

-----------------------------------------------------------------
