Selected-----------------------------------------------------------------
35, 37, 75, 89, 164, 198, 267, 415, 428, 472, 489, 512, 584, 592, 610, 

Starting-----------------------------------------------------------------
35, 75, 164, 198, 267, 415, 428, 489, 512, 584, 592, 

Captain-----------------------------------------------------------------
428, 

Vice-Captain-----------------------------------------------------------------
512, 

Substitutes-----------------------------------------------------------------
472, 89, 610, 

Remaining budget-----------------------------------------------------------------
PREVIOUS GW: 1.6e+06
THIS GW: 600000

Sold-----------------------------------------------------------------
1, 128, 176, 265, 495, 522, 583, 

Bought-----------------------------------------------------------------
35, 164, 198, 267, 428, 512, 592, 

Number of illegal transfers--------------------------------------------------------------
6, 

-----------------------------------------------------------------
