Selected-----------------------------------------------------------------
18, 48, 105, 127, 167, 234, 259, 428, 481, 484, 520, 536, 548, 552, 583, 

Starting-----------------------------------------------------------------
48, 105, 127, 234, 428, 481, 484, 520, 536, 548, 583, 

Captain-----------------------------------------------------------------
481, 

Vice-Captain-----------------------------------------------------------------
484, 

Substitutes-----------------------------------------------------------------
552, 167, 259, 

Remaining budget-----------------------------------------------------------------
PREVIOUS GW: 4.8e+06
THIS GW: 2.9e+06

Sold-----------------------------------------------------------------
89, 104, 352, 579, 

Bought-----------------------------------------------------------------
127, 234, 536, 548, 

Number of illegal transfers--------------------------------------------------------------
3, 

-----------------------------------------------------------------
