Total expected points: 992.053
Selected-----------------------------------------------------------------
1, 38, 105, 171, 185, 220, 223, 308, 394, 406, 428, 490, 553, 606, 621, 

Starting-----------------------------------------------------------------
1, 105, 171, 223, 308, 394, 406, 428, 490, 553, 606, 

Captain-----------------------------------------------------------------
606, 

Vice-Captain-----------------------------------------------------------------
428, 

Substitutes-----------------------------------------------------------------
220, 185, 621, 

Remaining budget-----------------------------------------------------------------
0, 

-----------------------------------------------------------------
