Selected-----------------------------------------------------------------
48, 62, 92, 101, 106, 164, 241, 330, 399, 428, 455, 520, 548, 557, 577, 

Starting-----------------------------------------------------------------
48, 106, 164, 241, 330, 399, 428, 520, 548, 557, 577, 

Captain-----------------------------------------------------------------
557, 

Vice-Captain-----------------------------------------------------------------
330, 

Substitutes-----------------------------------------------------------------
455, 92, 101, 

Remaining budget-----------------------------------------------------------------
PREVIOUS GW: 4e+06
THIS GW: 0

Sold-----------------------------------------------------------------
75, 394, 495, 584, 

Bought-----------------------------------------------------------------
101, 399, 428, 577, 

Number of illegal transfers--------------------------------------------------------------
3, 

-----------------------------------------------------------------
