Selected-----------------------------------------------------------------
12, 48, 90, 105, 158, 234, 271, 397, 415, 428, 481, 484, 579, 583, 607, 

Starting-----------------------------------------------------------------
48, 90, 105, 158, 234, 271, 397, 415, 481, 484, 583, 

Captain-----------------------------------------------------------------
481, 

Vice-Captain-----------------------------------------------------------------
484, 

Substitutes-----------------------------------------------------------------
428, 579, 607, 

Remaining budget-----------------------------------------------------------------
PREVIOUS GW: 4.3e+06
THIS GW: 900000

Sold-----------------------------------------------------------------
104, 212, 352, 363, 

Bought-----------------------------------------------------------------
234, 271, 415, 481, 

Number of illegal transfers--------------------------------------------------------------
3, 

-----------------------------------------------------------------
