Selected-----------------------------------------------------------------
12, 48, 92, 104, 105, 234, 271, 352, 397, 405, 481, 484, 579, 583, 607, 

Starting-----------------------------------------------------------------
48, 92, 105, 234, 271, 352, 397, 405, 481, 484, 583, 

Captain-----------------------------------------------------------------
481, 

Vice-Captain-----------------------------------------------------------------
484, 

Substitutes-----------------------------------------------------------------
579, 104, 607, 

Remaining budget-----------------------------------------------------------------
PREVIOUS GW: 1.5e+06
THIS GW: 4.3e+06

Sold-----------------------------------------------------------------
90, 96, 167, 399, 428, 

Bought-----------------------------------------------------------------
92, 234, 271, 405, 481, 

Number of illegal transfers--------------------------------------------------------------
4, 

-----------------------------------------------------------------
