Selected-----------------------------------------------------------------
20, 24, 104, 128, 176, 186, 259, 363, 399, 402, 481, 531, 549, 584, 607, 

Starting-----------------------------------------------------------------
20, 176, 186, 259, 363, 399, 402, 481, 549, 584, 607, 

Captain-----------------------------------------------------------------
399, 

Vice-Captain-----------------------------------------------------------------
481, 

Substitutes-----------------------------------------------------------------
531, 128, 104, 

Remaining budget-----------------------------------------------------------------
PREVIOUS GW: 1.22e+07
THIS GW: 5.7e+06

Sold-----------------------------------------------------------------
48, 127, 335, 519, 

Bought-----------------------------------------------------------------
20, 186, 399, 481, 

Number of illegal transfers--------------------------------------------------------------
3, 

-----------------------------------------------------------------
