Selected-----------------------------------------------------------------
18, 24, 104, 108, 127, 128, 176, 300, 397, 406, 481, 484, 558, 598, 606, 

Starting-----------------------------------------------------------------
24, 104, 108, 127, 128, 176, 406, 481, 484, 598, 606, 

Captain-----------------------------------------------------------------
128, 

Vice-Captain-----------------------------------------------------------------
481, 

Substitutes-----------------------------------------------------------------
300, 558, 397, 

Remaining budget-----------------------------------------------------------------
PREVIOUS GW: 100000
THIS GW: 300000

Sold-----------------------------------------------------------------
75, 92, 271, 428, 583, 

Bought-----------------------------------------------------------------
108, 128, 176, 406, 606, 

Number of illegal transfers--------------------------------------------------------------
4, 

-----------------------------------------------------------------
