Selected-----------------------------------------------------------------
15, 18, 90, 105, 106, 234, 271, 352, 397, 415, 481, 484, 561, 579, 583, 

Starting-----------------------------------------------------------------
18, 90, 105, 106, 234, 271, 397, 415, 481, 484, 583, 

Captain-----------------------------------------------------------------
481, 

Vice-Captain-----------------------------------------------------------------
484, 

Substitutes-----------------------------------------------------------------
579, 352, 561, 

Remaining budget-----------------------------------------------------------------
PREVIOUS GW: 900000
THIS GW: 4.1e+06

Sold-----------------------------------------------------------------
241, 249, 399, 428, 

Bought-----------------------------------------------------------------
234, 271, 415, 481, 

Number of illegal transfers--------------------------------------------------------------
3, 

-----------------------------------------------------------------
