Selected-----------------------------------------------------------------
37, 52, 89, 183, 186, 259, 265, 361, 413, 415, 495, 522, 557, 583, 610, 

Starting-----------------------------------------------------------------
37, 183, 186, 259, 361, 413, 415, 495, 522, 557, 583, 

Captain-----------------------------------------------------------------
415, 

Vice-Captain-----------------------------------------------------------------
495, 

Substitutes-----------------------------------------------------------------
610, 89, 265, 

Remaining budget-----------------------------------------------------------------
PREVIOUS GW: 4.2e+06
THIS GW: 800000

Sold-----------------------------------------------------------------
274, 365, 394, 472, 548, 

Bought-----------------------------------------------------------------
361, 413, 415, 495, 557, 

Number of illegal transfers--------------------------------------------------------------
4, 

-----------------------------------------------------------------
