Selected-----------------------------------------------------------------
25, 35, 75, 106, 241, 259, 271, 308, 330, 365, 455, 512, 557, 577, 584, 

Starting-----------------------------------------------------------------
35, 75, 106, 271, 308, 330, 365, 455, 557, 577, 584, 

Captain-----------------------------------------------------------------
330, 

Vice-Captain-----------------------------------------------------------------
106, 

Substitutes-----------------------------------------------------------------
241, 512, 259, 

Remaining budget-----------------------------------------------------------------
PREVIOUS GW: 6.2e+06
THIS GW: 1.6e+06

Sold-----------------------------------------------------------------
164, 198, 463, 592, 

Bought-----------------------------------------------------------------
106, 271, 330, 577, 

Number of illegal transfers--------------------------------------------------------------
3, 

-----------------------------------------------------------------
