Selected-----------------------------------------------------------------
37, 48, 127, 155, 176, 229, 259, 361, 365, 415, 495, 522, 549, 583, 584, 

Starting-----------------------------------------------------------------
37, 155, 176, 229, 365, 415, 495, 522, 549, 583, 584, 

Captain-----------------------------------------------------------------
522, 

Vice-Captain-----------------------------------------------------------------
365, 

Substitutes-----------------------------------------------------------------
361, 127, 259, 

Remaining budget-----------------------------------------------------------------
PREVIOUS GW: 500000
THIS GW: 1.3e+06

Sold-----------------------------------------------------------------
25, 406, 485, 557, 

Bought-----------------------------------------------------------------
37, 365, 522, 583, 

Number of illegal transfers--------------------------------------------------------------
3, 

-----------------------------------------------------------------
