Selected-----------------------------------------------------------------
23, 48, 104, 106, 164, 211, 241, 352, 363, 428, 484, 520, 557, 561, 606, 

Starting-----------------------------------------------------------------
48, 104, 164, 211, 352, 428, 484, 520, 557, 561, 606, 

Captain-----------------------------------------------------------------
484, 

Vice-Captain-----------------------------------------------------------------
352, 

Substitutes-----------------------------------------------------------------
363, 106, 241, 

Remaining budget-----------------------------------------------------------------
PREVIOUS GW: 900000
THIS GW: 1.1e+06

Sold-----------------------------------------------------------------
12, 75, 393, 548, 

Bought-----------------------------------------------------------------
48, 211, 484, 561, 

Number of illegal transfers--------------------------------------------------------------
3, 

-----------------------------------------------------------------
