Selected-----------------------------------------------------------------
9, 35, 154, 171, 177, 232, 237, 307, 363, 394, 463, 484, 549, 561, 581, 

Starting-----------------------------------------------------------------
9, 154, 171, 177, 232, 237, 307, 363, 484, 549, 581, 

Captain-----------------------------------------------------------------
484, 

Vice-Captain-----------------------------------------------------------------
171, 

Substitutes-----------------------------------------------------------------
561, 463, 394, 

Remaining budget-----------------------------------------------------------------
PREVIOUS GW: 1.02e+07
THIS GW: 1.01e+07

Sold-----------------------------------------------------------------
131, 203, 205, 338, 350, 489, 557, 

Bought-----------------------------------------------------------------
154, 232, 237, 307, 363, 484, 549, 

Number of illegal transfers--------------------------------------------------------------
6, 

-----------------------------------------------------------------
