Selected-----------------------------------------------------------------
23, 30, 131, 186, 205, 252, 259, 330, 394, 399, 481, 484, 549, 581, 584, 

Starting-----------------------------------------------------------------
23, 131, 205, 259, 330, 394, 481, 484, 549, 581, 584, 

Captain-----------------------------------------------------------------
330, 

Vice-Captain-----------------------------------------------------------------
131, 

Substitutes-----------------------------------------------------------------
252, 186, 399, 

Remaining budget-----------------------------------------------------------------
PREVIOUS GW: 3.2e+06
THIS GW: 400000

Sold-----------------------------------------------------------------
104, 128, 428, 547, 

Bought-----------------------------------------------------------------
131, 205, 330, 581, 

Number of illegal transfers--------------------------------------------------------------
3, 

-----------------------------------------------------------------
