Selected-----------------------------------------------------------------
25, 44, 75, 89, 106, 164, 259, 330, 335, 352, 394, 520, 548, 577, 606, 

Starting-----------------------------------------------------------------
44, 106, 164, 259, 330, 335, 352, 520, 548, 577, 606, 

Captain-----------------------------------------------------------------
520, 

Vice-Captain-----------------------------------------------------------------
606, 

Substitutes-----------------------------------------------------------------
394, 89, 75, 

Remaining budget-----------------------------------------------------------------
PREVIOUS GW: 5.9e+06
THIS GW: 1.2e+06

Sold-----------------------------------------------------------------
241, 344, 455, 592, 

Bought-----------------------------------------------------------------
259, 352, 520, 606, 

Number of illegal transfers--------------------------------------------------------------
3, 

-----------------------------------------------------------------
