Total expected points: 305.196
Selected-----------------------------------------------------------------
25, 48, 131, 166, 176, 229, 259, 361, 406, 415, 485, 495, 557, 584, 621, 

Starting-----------------------------------------------------------------
25, 131, 176, 259, 361, 406, 415, 485, 495, 557, 584, 

Captain-----------------------------------------------------------------
495, 

Vice-Captain-----------------------------------------------------------------
557, 

Substitutes-----------------------------------------------------------------
229, 166, 621, 

Remaining budget-----------------------------------------------------------------
2e+06, 

-----------------------------------------------------------------
