Selected-----------------------------------------------------------------
24, 48, 92, 106, 127, 128, 259, 330, 363, 481, 484, 520, 584, 606, 608, 

Starting-----------------------------------------------------------------
24, 127, 128, 259, 363, 481, 484, 520, 584, 606, 608, 

Captain-----------------------------------------------------------------
481, 

Vice-Captain-----------------------------------------------------------------
606, 

Substitutes-----------------------------------------------------------------
330, 106, 92, 

Remaining budget-----------------------------------------------------------------
PREVIOUS GW: 1.2e+06
THIS GW: 100000

Sold-----------------------------------------------------------------
105, 300, 579, 583, 

Bought-----------------------------------------------------------------
259, 363, 606, 608, 

Number of illegal transfers--------------------------------------------------------------
3, 

-----------------------------------------------------------------
