Total expected points: 419.802
Selected-----------------------------------------------------------------
12, 48, 75, 92, 100, 155, 164, 365, 394, 397, 428, 522, 551, 557, 621, 

Starting-----------------------------------------------------------------
12, 75, 155, 164, 365, 394, 397, 428, 522, 551, 557, 

Captain-----------------------------------------------------------------
365, 

Vice-Captain-----------------------------------------------------------------
428, 

Substitutes-----------------------------------------------------------------
92, 100, 621, 

Remaining budget-----------------------------------------------------------------
2.1e+06, 

-----------------------------------------------------------------
