Total expected points: 332.268
Selected-----------------------------------------------------------------
23, 44, 75, 89, 164, 167, 241, 365, 394, 397, 415, 428, 557, 616, 621, 

Starting-----------------------------------------------------------------
44, 75, 164, 167, 365, 394, 397, 415, 428, 557, 616, 

Captain-----------------------------------------------------------------
365, 

Vice-Captain-----------------------------------------------------------------
428, 

Substitutes-----------------------------------------------------------------
89, 241, 621, 

Remaining budget-----------------------------------------------------------------
200000, 

-----------------------------------------------------------------
