Selected-----------------------------------------------------------------
12, 48, 89, 105, 106, 167, 221, 352, 399, 428, 484, 520, 557, 583, 607, 

Starting-----------------------------------------------------------------
48, 105, 106, 167, 352, 399, 428, 484, 557, 583, 607, 

Captain-----------------------------------------------------------------
428, 

Vice-Captain-----------------------------------------------------------------
583, 

Substitutes-----------------------------------------------------------------
520, 89, 221, 

Remaining budget-----------------------------------------------------------------
PREVIOUS GW: 700000
THIS GW: 300000

Sold-----------------------------------------------------------------
75, 330, 584, 616, 

Bought-----------------------------------------------------------------
105, 399, 583, 607, 

Number of illegal transfers--------------------------------------------------------------
3, 

-----------------------------------------------------------------
