Selected-----------------------------------------------------------------
12, 23, 104, 106, 213, 249, 259, 330, 352, 394, 519, 520, 548, 577, 606, 

Starting-----------------------------------------------------------------
23, 104, 106, 259, 330, 352, 519, 520, 548, 577, 606, 

Captain-----------------------------------------------------------------
520, 

Vice-Captain-----------------------------------------------------------------
606, 

Substitutes-----------------------------------------------------------------
394, 249, 213, 

Remaining budget-----------------------------------------------------------------
PREVIOUS GW: 7.3e+06
THIS GW: 7.2e+06

Sold-----------------------------------------------------------------
54, 241, 344, 412, 455, 558, 

Bought-----------------------------------------------------------------
23, 259, 352, 519, 520, 606, 

Number of illegal transfers--------------------------------------------------------------
5, 

-----------------------------------------------------------------
