Selected-----------------------------------------------------------------
52, 54, 75, 164, 213, 241, 267, 308, 365, 455, 463, 489, 557, 584, 592, 

Starting-----------------------------------------------------------------
54, 75, 213, 241, 308, 365, 455, 463, 557, 584, 592, 

Captain-----------------------------------------------------------------
455, 

Vice-Captain-----------------------------------------------------------------
241, 

Substitutes-----------------------------------------------------------------
267, 489, 164, 

Remaining budget-----------------------------------------------------------------
PREVIOUS GW: 3.9e+06
THIS GW: 6.2e+06

Sold-----------------------------------------------------------------
89, 198, 428, 610, 

Bought-----------------------------------------------------------------
213, 241, 463, 584, 

Number of illegal transfers--------------------------------------------------------------
3, 

-----------------------------------------------------------------
