Selected-----------------------------------------------------------------
44, 48, 104, 106, 210, 241, 267, 363, 399, 428, 484, 520, 557, 579, 607, 

Starting-----------------------------------------------------------------
44, 104, 106, 267, 363, 399, 428, 484, 557, 579, 607, 

Captain-----------------------------------------------------------------
428, 

Vice-Captain-----------------------------------------------------------------
557, 

Substitutes-----------------------------------------------------------------
520, 210, 241, 

Remaining budget-----------------------------------------------------------------
PREVIOUS GW: 2.7e+06
THIS GW: 900000

Sold-----------------------------------------------------------------
12, 352, 548, 561, 606, 

Bought-----------------------------------------------------------------
44, 399, 557, 579, 607, 

Number of illegal transfers--------------------------------------------------------------
4, 

-----------------------------------------------------------------
