Selected-----------------------------------------------------------------
12, 44, 75, 89, 164, 176, 221, 365, 394, 428, 455, 495, 548, 557, 584, 

Starting-----------------------------------------------------------------
44, 75, 164, 176, 365, 394, 428, 455, 495, 557, 584, 

Captain-----------------------------------------------------------------
428, 

Vice-Captain-----------------------------------------------------------------
365, 

Substitutes-----------------------------------------------------------------
548, 89, 221, 

Remaining budget-----------------------------------------------------------------
PREVIOUS GW: 100000
THIS GW: 500000

Sold-----------------------------------------------------------------
37, 178, 274, 522, 583, 

Bought-----------------------------------------------------------------
44, 164, 428, 455, 557, 

Number of illegal transfers--------------------------------------------------------------
4, 

-----------------------------------------------------------------
