Selected-----------------------------------------------------------------
12, 54, 125, 128, 176, 186, 259, 399, 428, 451, 481, 519, 549, 584, 606, 

Starting-----------------------------------------------------------------
54, 125, 128, 259, 399, 428, 451, 481, 549, 584, 606, 

Captain-----------------------------------------------------------------
399, 

Vice-Captain-----------------------------------------------------------------
606, 

Substitutes-----------------------------------------------------------------
186, 176, 519, 

Remaining budget-----------------------------------------------------------------
PREVIOUS GW: 600000
THIS GW: 1.1e+06

Sold-----------------------------------------------------------------
104, 279, 330, 363, 

Bought-----------------------------------------------------------------
125, 428, 451, 481, 

Number of illegal transfers--------------------------------------------------------------
3, 

-----------------------------------------------------------------
