Selected-----------------------------------------------------------------
12, 52, 75, 92, 104, 106, 259, 330, 352, 394, 519, 520, 548, 577, 606, 

Starting-----------------------------------------------------------------
12, 104, 106, 259, 330, 352, 519, 520, 548, 577, 606, 

Captain-----------------------------------------------------------------
520, 

Vice-Captain-----------------------------------------------------------------
606, 

Substitutes-----------------------------------------------------------------
394, 92, 75, 

Remaining budget-----------------------------------------------------------------
PREVIOUS GW: 5.8e+06
THIS GW: 5.2e+06

Sold-----------------------------------------------------------------
241, 344, 412, 449, 558, 

Bought-----------------------------------------------------------------
259, 352, 519, 520, 606, 

Number of illegal transfers--------------------------------------------------------------
4, 

-----------------------------------------------------------------
