Selected-----------------------------------------------------------------
12, 44, 104, 106, 163, 213, 259, 330, 352, 363, 428, 520, 548, 577, 606, 

Starting-----------------------------------------------------------------
44, 104, 163, 259, 330, 352, 363, 520, 548, 577, 606, 

Captain-----------------------------------------------------------------
520, 

Vice-Captain-----------------------------------------------------------------
606, 

Substitutes-----------------------------------------------------------------
428, 106, 213, 

Remaining budget-----------------------------------------------------------------
PREVIOUS GW: 1e+06
THIS GW: 0

Sold-----------------------------------------------------------------
241, 394, 455, 592, 

Bought-----------------------------------------------------------------
259, 352, 520, 606, 

Number of illegal transfers--------------------------------------------------------------
3, 

-----------------------------------------------------------------
