Selected-----------------------------------------------------------------
23, 30, 79, 131, 164, 186, 252, 281, 386, 394, 481, 484, 549, 576, 584, 

Starting-----------------------------------------------------------------
23, 79, 131, 252, 281, 394, 481, 484, 549, 576, 584, 

Captain-----------------------------------------------------------------
252, 

Vice-Captain-----------------------------------------------------------------
481, 

Substitutes-----------------------------------------------------------------
186, 164, 386, 

Remaining budget-----------------------------------------------------------------
PREVIOUS GW: 5.2e+06
THIS GW: 2e+06

Sold-----------------------------------------------------------------
24, 128, 222, 402, 451, 

Bought-----------------------------------------------------------------
23, 79, 131, 281, 484, 

Number of illegal transfers--------------------------------------------------------------
4, 

-----------------------------------------------------------------
