Selected-----------------------------------------------------------------
24, 48, 104, 105, 106, 127, 128, 277, 363, 481, 484, 522, 548, 583, 598, 

Starting-----------------------------------------------------------------
24, 104, 127, 128, 277, 363, 481, 522, 548, 583, 598, 

Captain-----------------------------------------------------------------
583, 

Vice-Captain-----------------------------------------------------------------
548, 

Substitutes-----------------------------------------------------------------
106, 484, 105, 

Remaining budget-----------------------------------------------------------------
PREVIOUS GW: 2.6e+06
THIS GW: 3.3e+06

Sold-----------------------------------------------------------------
397, 415, 552, 606, 

Bought-----------------------------------------------------------------
277, 363, 583, 598, 

Number of illegal transfers--------------------------------------------------------------
3, 

-----------------------------------------------------------------
