Selected-----------------------------------------------------------------
30, 48, 106, 125, 128, 186, 259, 363, 399, 406, 481, 519, 577, 584, 606, 

Starting-----------------------------------------------------------------
48, 125, 128, 186, 259, 363, 399, 481, 577, 584, 606, 

Captain-----------------------------------------------------------------
399, 

Vice-Captain-----------------------------------------------------------------
606, 

Substitutes-----------------------------------------------------------------
406, 519, 106, 

Remaining budget-----------------------------------------------------------------
PREVIOUS GW: 3.2e+06
THIS GW: 0

Sold-----------------------------------------------------------------
104, 279, 520, 548, 

Bought-----------------------------------------------------------------
125, 399, 481, 577, 

Number of illegal transfers--------------------------------------------------------------
3, 

-----------------------------------------------------------------
