Selected-----------------------------------------------------------------
48, 54, 75, 92, 104, 164, 241, 330, 399, 424, 428, 455, 552, 557, 577, 

Starting-----------------------------------------------------------------
48, 75, 104, 164, 241, 330, 399, 424, 428, 557, 577, 

Captain-----------------------------------------------------------------
557, 

Vice-Captain-----------------------------------------------------------------
330, 

Substitutes-----------------------------------------------------------------
455, 92, 552, 

Remaining budget-----------------------------------------------------------------
PREVIOUS GW: 500000
THIS GW: 0

Sold-----------------------------------------------------------------
18, 176, 308, 495, 520, 548, 581, 

Bought-----------------------------------------------------------------
48, 104, 399, 424, 428, 552, 577, 

Number of illegal transfers--------------------------------------------------------------
6, 

-----------------------------------------------------------------
