Selected-----------------------------------------------------------------
8, 35, 75, 89, 164, 198, 267, 365, 406, 415, 455, 512, 548, 584, 610, 

Starting-----------------------------------------------------------------
35, 75, 164, 198, 267, 365, 406, 415, 455, 512, 584, 

Captain-----------------------------------------------------------------
512, 

Vice-Captain-----------------------------------------------------------------
365, 

Substitutes-----------------------------------------------------------------
548, 89, 610, 

Remaining budget-----------------------------------------------------------------
PREVIOUS GW: 400000
THIS GW: 900000

Sold-----------------------------------------------------------------
37, 128, 176, 178, 489, 495, 522, 

Bought-----------------------------------------------------------------
35, 164, 198, 267, 365, 455, 512, 

Number of illegal transfers--------------------------------------------------------------
6, 

-----------------------------------------------------------------
