Selected-----------------------------------------------------------------
24, 48, 75, 104, 128, 176, 186, 300, 326, 363, 428, 481, 584, 598, 606, 

Starting-----------------------------------------------------------------
24, 104, 128, 176, 186, 326, 363, 428, 481, 584, 606, 

Captain-----------------------------------------------------------------
128, 

Vice-Captain-----------------------------------------------------------------
104, 

Substitutes-----------------------------------------------------------------
75, 598, 300, 

Remaining budget-----------------------------------------------------------------
PREVIOUS GW: 3.9e+06
THIS GW: 1e+06

Sold-----------------------------------------------------------------
12, 127, 484, 548, 558, 

Bought-----------------------------------------------------------------
24, 186, 326, 584, 606, 

Number of illegal transfers--------------------------------------------------------------
4, 

-----------------------------------------------------------------
