Selected-----------------------------------------------------------------
4, 37, 89, 128, 176, 186, 265, 365, 415, 489, 495, 522, 583, 584, 610, 

Starting-----------------------------------------------------------------
37, 89, 128, 176, 365, 415, 489, 495, 522, 583, 584, 

Captain-----------------------------------------------------------------
489, 

Vice-Captain-----------------------------------------------------------------
584, 

Substitutes-----------------------------------------------------------------
186, 610, 265, 

Remaining budget-----------------------------------------------------------------
PREVIOUS GW: 2.6e+06
THIS GW: 400000

Sold-----------------------------------------------------------------
183, 259, 472, 557, 

Bought-----------------------------------------------------------------
128, 176, 489, 584, 

Number of illegal transfers--------------------------------------------------------------
3, 

-----------------------------------------------------------------
