Selected-----------------------------------------------------------------
25, 48, 75, 92, 100, 164, 176, 365, 394, 428, 455, 495, 557, 584, 621, 

Starting-----------------------------------------------------------------
25, 75, 164, 176, 365, 394, 428, 455, 495, 557, 584, 

Captain-----------------------------------------------------------------
584, 

Vice-Captain-----------------------------------------------------------------
455, 

Substitutes-----------------------------------------------------------------
92, 100, 621, 

Remaining budget-----------------------------------------------------------------
PREVIOUS GW: 2.1e+06
THIS GW: 2.5e+06

Sold-----------------------------------------------------------------
12, 155, 397, 522, 551, 

Bought-----------------------------------------------------------------
25, 176, 455, 495, 584, 

Number of illegal transfers--------------------------------------------------------------
4, 

-----------------------------------------------------------------
