Selected-----------------------------------------------------------------
12, 23, 75, 92, 106, 164, 241, 330, 394, 428, 455, 520, 552, 557, 577, 

Starting-----------------------------------------------------------------
12, 75, 106, 164, 241, 330, 394, 428, 520, 557, 577, 

Captain-----------------------------------------------------------------
557, 

Vice-Captain-----------------------------------------------------------------
330, 

Substitutes-----------------------------------------------------------------
455, 92, 552, 

Remaining budget-----------------------------------------------------------------
PREVIOUS GW: 700000
THIS GW: 1.1e+06

Sold-----------------------------------------------------------------
495, 548, 581, 584, 

Bought-----------------------------------------------------------------
428, 552, 557, 577, 

Number of illegal transfers--------------------------------------------------------------
3, 

-----------------------------------------------------------------
