Selected-----------------------------------------------------------------
18, 48, 92, 104, 105, 234, 271, 397, 405, 415, 481, 484, 579, 583, 607, 

Starting-----------------------------------------------------------------
48, 92, 105, 234, 271, 397, 405, 415, 481, 484, 583, 

Captain-----------------------------------------------------------------
481, 

Vice-Captain-----------------------------------------------------------------
484, 

Substitutes-----------------------------------------------------------------
579, 104, 607, 

Remaining budget-----------------------------------------------------------------
PREVIOUS GW: 1.3e+06
THIS GW: 1.3e+06

Sold-----------------------------------------------------------------
90, 96, 167, 399, 428, 510, 

Bought-----------------------------------------------------------------
92, 234, 271, 405, 415, 481, 

Number of illegal transfers--------------------------------------------------------------
5, 

-----------------------------------------------------------------
