Selected-----------------------------------------------------------------
12, 48, 92, 104, 106, 127, 259, 300, 352, 397, 481, 484, 548, 558, 598, 

Starting-----------------------------------------------------------------
48, 92, 104, 106, 127, 300, 481, 484, 548, 558, 598, 

Captain-----------------------------------------------------------------
558, 

Vice-Captain-----------------------------------------------------------------
300, 

Substitutes-----------------------------------------------------------------
397, 352, 259, 

Remaining budget-----------------------------------------------------------------
PREVIOUS GW: 4.5e+06
THIS GW: 1.25e+07

Sold-----------------------------------------------------------------
105, 271, 427, 579, 583, 

Bought-----------------------------------------------------------------
92, 104, 300, 558, 598, 

Number of illegal transfers--------------------------------------------------------------
4, 

-----------------------------------------------------------------
