Selected-----------------------------------------------------------------
12, 44, 75, 89, 164, 176, 265, 308, 365, 394, 455, 512, 557, 584, 592, 

Starting-----------------------------------------------------------------
44, 75, 164, 176, 308, 365, 394, 455, 512, 584, 592, 

Captain-----------------------------------------------------------------
512, 

Vice-Captain-----------------------------------------------------------------
455, 

Substitutes-----------------------------------------------------------------
557, 89, 265, 

Remaining budget-----------------------------------------------------------------
PREVIOUS GW: 900000
THIS GW: 5.1e+06

Sold-----------------------------------------------------------------
428, 495, 577, 610, 

Bought-----------------------------------------------------------------
455, 512, 584, 592, 

Number of illegal transfers--------------------------------------------------------------
3, 

-----------------------------------------------------------------
