Selected-----------------------------------------------------------------
1, 9, 78, 104, 106, 171, 265, 284, 350, 363, 406, 484, 549, 561, 581, 

Starting-----------------------------------------------------------------
1, 78, 104, 106, 171, 265, 284, 363, 406, 549, 561, 

Captain-----------------------------------------------------------------
1, 

Vice-Captain-----------------------------------------------------------------
106, 

Substitutes-----------------------------------------------------------------
581, 484, 350, 

Remaining budget-----------------------------------------------------------------
PREVIOUS GW: 1.31e+07
THIS GW: 4.6e+06

Sold-----------------------------------------------------------------
35, 154, 232, 237, 338, 463, 

Bought-----------------------------------------------------------------
1, 78, 104, 106, 284, 406, 

Number of illegal transfers--------------------------------------------------------------
5, 

-----------------------------------------------------------------
