Selected-----------------------------------------------------------------
24, 48, 104, 106, 127, 128, 186, 363, 428, 481, 519, 522, 548, 584, 607, 

Starting-----------------------------------------------------------------
24, 104, 106, 127, 128, 186, 363, 428, 481, 519, 584, 

Captain-----------------------------------------------------------------
128, 

Vice-Captain-----------------------------------------------------------------
104, 

Substitutes-----------------------------------------------------------------
522, 548, 607, 

Remaining budget-----------------------------------------------------------------
PREVIOUS GW: 2.7e+06
THIS GW: 4.3e+06

Sold-----------------------------------------------------------------
12, 90, 484, 558, 

Bought-----------------------------------------------------------------
24, 186, 519, 584, 

Number of illegal transfers--------------------------------------------------------------
3, 

-----------------------------------------------------------------
