Selected-----------------------------------------------------------------
20, 24, 106, 125, 131, 205, 259, 326, 330, 394, 481, 484, 549, 581, 584, 

Starting-----------------------------------------------------------------
24, 106, 131, 205, 326, 330, 394, 481, 549, 581, 584, 

Captain-----------------------------------------------------------------
584, 

Vice-Captain-----------------------------------------------------------------
581, 

Substitutes-----------------------------------------------------------------
484, 259, 125, 

Remaining budget-----------------------------------------------------------------
PREVIOUS GW: 1.4e+06
THIS GW: 100000

Sold-----------------------------------------------------------------
128, 176, 363, 606, 

Bought-----------------------------------------------------------------
131, 205, 330, 581, 

Number of illegal transfers--------------------------------------------------------------
3, 

-----------------------------------------------------------------
