Selected-----------------------------------------------------------------
23, 44, 90, 104, 163, 259, 267, 363, 393, 399, 428, 520, 548, 557, 606, 

Starting-----------------------------------------------------------------
44, 90, 104, 267, 363, 393, 399, 428, 520, 557, 606, 

Captain-----------------------------------------------------------------
428, 

Vice-Captain-----------------------------------------------------------------
557, 

Substitutes-----------------------------------------------------------------
548, 163, 259, 

Remaining budget-----------------------------------------------------------------
PREVIOUS GW: 8e+06
THIS GW: 100000

Sold-----------------------------------------------------------------
12, 106, 330, 352, 519, 577, 

Bought-----------------------------------------------------------------
44, 267, 393, 399, 428, 557, 

Number of illegal transfers--------------------------------------------------------------
5, 

-----------------------------------------------------------------
