Total expected points: 501.773
Selected-----------------------------------------------------------------
12, 16, 75, 92, 96, 155, 164, 365, 394, 397, 428, 522, 551, 557, 621, 

Starting-----------------------------------------------------------------
12, 75, 155, 164, 365, 394, 397, 428, 522, 551, 557, 

Captain-----------------------------------------------------------------
365, 

Vice-Captain-----------------------------------------------------------------
428, 

Substitutes-----------------------------------------------------------------
96, 92, 621, 

Remaining budget-----------------------------------------------------------------
1.7e+06, 

-----------------------------------------------------------------
