Selected-----------------------------------------------------------------
12, 52, 75, 131, 166, 176, 221, 365, 406, 415, 495, 522, 583, 584, 621, 

Starting-----------------------------------------------------------------
12, 75, 131, 176, 365, 406, 415, 495, 522, 583, 584, 

Captain-----------------------------------------------------------------
522, 

Vice-Captain-----------------------------------------------------------------
365, 

Substitutes-----------------------------------------------------------------
166, 221, 621, 

Remaining budget-----------------------------------------------------------------
PREVIOUS GW: 800000
THIS GW: 700000

Sold-----------------------------------------------------------------
25, 259, 361, 536, 557, 576, 

Bought-----------------------------------------------------------------
12, 75, 365, 522, 583, 621, 

Number of illegal transfers--------------------------------------------------------------
5, 

-----------------------------------------------------------------
