Selected-----------------------------------------------------------------
15, 20, 128, 131, 186, 252, 259, 330, 350, 402, 481, 484, 549, 581, 584, 

Starting-----------------------------------------------------------------
20, 131, 186, 252, 330, 350, 481, 484, 549, 581, 584, 

Captain-----------------------------------------------------------------
584, 

Vice-Captain-----------------------------------------------------------------
581, 

Substitutes-----------------------------------------------------------------
402, 128, 259, 

Remaining budget-----------------------------------------------------------------
PREVIOUS GW: 4.1e+06
THIS GW: 2e+06

Sold-----------------------------------------------------------------
176, 363, 531, 606, 

Bought-----------------------------------------------------------------
131, 330, 350, 581, 

Number of illegal transfers--------------------------------------------------------------
3, 

-----------------------------------------------------------------
