Selected-----------------------------------------------------------------
15, 48, 106, 167, 249, 259, 271, 330, 352, 363, 428, 520, 548, 557, 577, 

Starting-----------------------------------------------------------------
48, 106, 259, 271, 330, 352, 363, 428, 520, 548, 557, 

Captain-----------------------------------------------------------------
352, 

Vice-Captain-----------------------------------------------------------------
520, 

Substitutes-----------------------------------------------------------------
577, 167, 249, 

Remaining budget-----------------------------------------------------------------
PREVIOUS GW: 800000
THIS GW: 2.3e+06

Sold-----------------------------------------------------------------
58, 158, 394, 552, 

Bought-----------------------------------------------------------------
48, 259, 352, 548, 

Number of illegal transfers--------------------------------------------------------------
3, 

-----------------------------------------------------------------
