Selected-----------------------------------------------------------------
20, 44, 104, 131, 154, 205, 259, 281, 330, 350, 484, 489, 549, 576, 581, 

Starting-----------------------------------------------------------------
44, 104, 131, 205, 281, 330, 350, 484, 549, 576, 581, 

Captain-----------------------------------------------------------------
131, 

Vice-Captain-----------------------------------------------------------------
549, 

Substitutes-----------------------------------------------------------------
489, 154, 259, 

Remaining budget-----------------------------------------------------------------
PREVIOUS GW: 1.2e+06
THIS GW: 1.7e+06

Sold-----------------------------------------------------------------
9, 186, 394, 481, 

Bought-----------------------------------------------------------------
44, 104, 281, 350, 

Number of illegal transfers--------------------------------------------------------------
3, 

-----------------------------------------------------------------
