Selected-----------------------------------------------------------------
30, 48, 75, 106, 164, 210, 241, 330, 394, 455, 495, 520, 548, 557, 581, 

Starting-----------------------------------------------------------------
48, 106, 164, 210, 330, 394, 455, 520, 548, 557, 581, 

Captain-----------------------------------------------------------------
455, 

Vice-Captain-----------------------------------------------------------------
548, 

Substitutes-----------------------------------------------------------------
75, 241, 495, 

Remaining budget-----------------------------------------------------------------
PREVIOUS GW: 2.4e+06
THIS GW: 500000

Sold-----------------------------------------------------------------
12, 176, 365, 577, 592, 

Bought-----------------------------------------------------------------
48, 210, 520, 548, 581, 

Number of illegal transfers--------------------------------------------------------------
4, 

-----------------------------------------------------------------
