Selected-----------------------------------------------------------------
24, 44, 104, 106, 127, 128, 186, 363, 428, 481, 522, 536, 548, 583, 598, 

Starting-----------------------------------------------------------------
24, 104, 128, 186, 363, 428, 481, 536, 548, 583, 598, 

Captain-----------------------------------------------------------------
548, 

Vice-Captain-----------------------------------------------------------------
598, 

Substitutes-----------------------------------------------------------------
522, 127, 106, 

Remaining budget-----------------------------------------------------------------
PREVIOUS GW: 1.2e+06
THIS GW: 1.6e+06

Sold-----------------------------------------------------------------
105, 484, 520, 606, 610, 

Bought-----------------------------------------------------------------
186, 363, 428, 548, 598, 

Number of illegal transfers--------------------------------------------------------------
4, 

-----------------------------------------------------------------
