Selected-----------------------------------------------------------------
12, 48, 92, 104, 106, 127, 259, 300, 352, 397, 481, 484, 558, 598, 606, 

Starting-----------------------------------------------------------------
48, 92, 104, 106, 127, 300, 481, 484, 558, 598, 606, 

Captain-----------------------------------------------------------------
558, 

Vice-Captain-----------------------------------------------------------------
300, 

Substitutes-----------------------------------------------------------------
397, 352, 259, 

Remaining budget-----------------------------------------------------------------
PREVIOUS GW: 2.6e+06
THIS GW: 9.3e+06

Sold-----------------------------------------------------------------
105, 271, 415, 583, 610, 

Bought-----------------------------------------------------------------
92, 104, 300, 558, 598, 

Number of illegal transfers--------------------------------------------------------------
4, 

-----------------------------------------------------------------
