Selected-----------------------------------------------------------------
24, 52, 104, 106, 127, 128, 259, 300, 397, 428, 481, 484, 548, 606, 608, 

Starting-----------------------------------------------------------------
24, 104, 106, 127, 128, 259, 428, 481, 484, 606, 608, 

Captain-----------------------------------------------------------------
128, 

Vice-Captain-----------------------------------------------------------------
104, 

Substitutes-----------------------------------------------------------------
548, 300, 397, 

Remaining budget-----------------------------------------------------------------
PREVIOUS GW: 1.5e+06
THIS GW: 1.9e+06

Sold-----------------------------------------------------------------
48, 92, 558, 583, 

Bought-----------------------------------------------------------------
24, 104, 606, 608, 

Number of illegal transfers--------------------------------------------------------------
3, 

-----------------------------------------------------------------
