Selected-----------------------------------------------------------------
12, 48, 90, 104, 105, 234, 271, 352, 397, 415, 427, 481, 579, 583, 606, 

Starting-----------------------------------------------------------------
12, 90, 105, 234, 271, 397, 415, 427, 481, 583, 606, 

Captain-----------------------------------------------------------------
481, 

Vice-Captain-----------------------------------------------------------------
415, 

Substitutes-----------------------------------------------------------------
104, 352, 579, 

Remaining budget-----------------------------------------------------------------
PREVIOUS GW: 1.4e+06
THIS GW: 2.1e+06

Sold-----------------------------------------------------------------
176, 259, 428, 484, 561, 

Bought-----------------------------------------------------------------
234, 271, 415, 481, 606, 

Number of illegal transfers--------------------------------------------------------------
4, 

-----------------------------------------------------------------
