Selected-----------------------------------------------------------------
24, 48, 104, 128, 176, 186, 259, 330, 335, 363, 481, 519, 606, 607, 608, 

Starting-----------------------------------------------------------------
48, 128, 176, 259, 335, 363, 481, 519, 606, 607, 608, 

Captain-----------------------------------------------------------------
363, 

Vice-Captain-----------------------------------------------------------------
259, 

Substitutes-----------------------------------------------------------------
330, 186, 104, 

Remaining budget-----------------------------------------------------------------
PREVIOUS GW: 2.5e+06
THIS GW: 5.6e+06

Sold-----------------------------------------------------------------
127, 520, 584, 598, 

Bought-----------------------------------------------------------------
259, 519, 607, 608, 

Number of illegal transfers--------------------------------------------------------------
3, 

-----------------------------------------------------------------
