Selected-----------------------------------------------------------------
12, 44, 92, 106, 127, 234, 271, 352, 397, 427, 481, 484, 548, 579, 583, 

Starting-----------------------------------------------------------------
12, 92, 127, 234, 271, 397, 427, 481, 484, 548, 583, 

Captain-----------------------------------------------------------------
481, 

Vice-Captain-----------------------------------------------------------------
583, 

Substitutes-----------------------------------------------------------------
106, 579, 352, 

Remaining budget-----------------------------------------------------------------
PREVIOUS GW: 1.1e+06
THIS GW: 3.1e+06

Sold-----------------------------------------------------------------
48, 105, 428, 607, 

Bought-----------------------------------------------------------------
12, 127, 427, 548, 

Number of illegal transfers--------------------------------------------------------------
3, 

-----------------------------------------------------------------
