Selected-----------------------------------------------------------------
12, 48, 90, 104, 105, 106, 249, 352, 397, 399, 428, 484, 579, 583, 607, 

Starting-----------------------------------------------------------------
12, 104, 105, 106, 397, 399, 428, 484, 579, 583, 607, 

Captain-----------------------------------------------------------------
583, 

Vice-Captain-----------------------------------------------------------------
105, 

Substitutes-----------------------------------------------------------------
352, 249, 90, 

Remaining budget-----------------------------------------------------------------
PREVIOUS GW: 600000
THIS GW: 1.5e+06

Sold-----------------------------------------------------------------
58, 241, 520, 557, 

Bought-----------------------------------------------------------------
12, 106, 397, 607, 

Number of illegal transfers--------------------------------------------------------------
3, 

-----------------------------------------------------------------
