Selected-----------------------------------------------------------------
20, 24, 131, 171, 177, 205, 252, 330, 350, 481, 484, 489, 547, 561, 581, 

Starting-----------------------------------------------------------------
20, 131, 171, 177, 205, 330, 350, 484, 489, 561, 581, 

Captain-----------------------------------------------------------------
131, 

Vice-Captain-----------------------------------------------------------------
350, 

Substitutes-----------------------------------------------------------------
481, 547, 252, 

Remaining budget-----------------------------------------------------------------
PREVIOUS GW: 8.1e+06
THIS GW: 7.3e+06

Sold-----------------------------------------------------------------
79, 352, 394, 577, 

Bought-----------------------------------------------------------------
171, 330, 350, 561, 

Number of illegal transfers--------------------------------------------------------------
3, 

-----------------------------------------------------------------
