Selected-----------------------------------------------------------------
23, 48, 90, 104, 106, 211, 259, 352, 399, 428, 484, 520, 557, 561, 606, 

Starting-----------------------------------------------------------------
48, 104, 211, 259, 352, 428, 484, 520, 557, 561, 606, 

Captain-----------------------------------------------------------------
484, 

Vice-Captain-----------------------------------------------------------------
352, 

Substitutes-----------------------------------------------------------------
399, 90, 106, 

Remaining budget-----------------------------------------------------------------
PREVIOUS GW: 900000
THIS GW: 900000

Sold-----------------------------------------------------------------
12, 163, 363, 519, 548, 

Bought-----------------------------------------------------------------
48, 211, 352, 484, 561, 

Number of illegal transfers--------------------------------------------------------------
4, 

-----------------------------------------------------------------
