Selected-----------------------------------------------------------------
8, 37, 74, 75, 79, 121, 251, 330, 400, 415, 463, 501, 551, 592, 606, 

Starting-----------------------------------------------------------------
8, 75, 121, 251, 330, 400, 415, 463, 501, 592, 606, 505, 567, 584, 620, 

Captain-----------------------------------------------------------------
251, 

Vice-Captain-----------------------------------------------------------------
415, 

Substitutes-----------------------------------------------------------------
79, 74, 551, 

Remaining budget-----------------------------------------------------------------
6.5e+06, 

Sold-----------------------------------------------------------------
104, 394, 566, 144, 282, 406, 545, 279, 372, 386, 427, 505, 567, 584, 620, 

Bought-----------------------------------------------------------------
121, 415, 592, 251, 394, 501, 551, 286, 329, 400, 440, 458, 559, 577, 582, 

Number of illegal transfers--------------------------------------------------------------
2, 

Wildcard used-----------------------------------------------------------------
0, 

Triple captain used-----------------------------------------------------------------
0, 

Bench boost used-----------------------------------------------------------------
0, 

Free hit used-----------------------------------------------------------------
0, 

-----------------------------------------------------------------
