Selected-----------------------------------------------------------------
24, 48, 104, 128, 176, 186, 259, 363, 428, 481, 531, 536, 598, 606, 608, 

Starting-----------------------------------------------------------------
48, 104, 128, 176, 259, 363, 481, 531, 598, 606, 608, 

Captain-----------------------------------------------------------------
606, 

Vice-Captain-----------------------------------------------------------------
363, 

Substitutes-----------------------------------------------------------------
428, 186, 536, 

Remaining budget-----------------------------------------------------------------
PREVIOUS GW: 300000
THIS GW: 3.3e+06

Sold-----------------------------------------------------------------
127, 277, 583, 584, 

Bought-----------------------------------------------------------------
259, 531, 606, 608, 

Number of illegal transfers--------------------------------------------------------------
3, 

-----------------------------------------------------------------
