Selected-----------------------------------------------------------------
12, 23, 96, 104, 106, 164, 221, 365, 394, 399, 428, 455, 548, 557, 592, 

Starting-----------------------------------------------------------------
12, 104, 106, 164, 365, 394, 399, 428, 548, 557, 592, 

Captain-----------------------------------------------------------------
428, 

Vice-Captain-----------------------------------------------------------------
557, 

Substitutes-----------------------------------------------------------------
96, 455, 221, 

Remaining budget-----------------------------------------------------------------
PREVIOUS GW: 1e+06
THIS GW: 300000

Sold-----------------------------------------------------------------
75, 406, 489, 520, 584, 

Bought-----------------------------------------------------------------
104, 365, 399, 428, 592, 

Number of illegal transfers--------------------------------------------------------------
4, 

-----------------------------------------------------------------
