Selected-----------------------------------------------------------------
10, 37, 89, 131, 176, 178, 259, 361, 406, 415, 495, 522, 557, 584, 610, 

Starting-----------------------------------------------------------------
37, 131, 176, 259, 361, 406, 415, 495, 522, 557, 584, 

Captain-----------------------------------------------------------------
415, 

Vice-Captain-----------------------------------------------------------------
495, 

Substitutes-----------------------------------------------------------------
178, 610, 89, 

Remaining budget-----------------------------------------------------------------
PREVIOUS GW: 3.9e+06
THIS GW: 200000

Sold-----------------------------------------------------------------
177, 265, 274, 365, 394, 472, 548, 583, 

Bought-----------------------------------------------------------------
131, 176, 361, 406, 415, 495, 557, 584, 

Number of illegal transfers--------------------------------------------------------------
7, 

-----------------------------------------------------------------
