Selected-----------------------------------------------------------------
25, 35, 75, 106, 176, 241, 271, 308, 330, 365, 412, 455, 557, 584, 592, 

Starting-----------------------------------------------------------------
25, 106, 241, 271, 308, 330, 365, 412, 455, 557, 584, 

Captain-----------------------------------------------------------------
330, 

Vice-Captain-----------------------------------------------------------------
106, 

Substitutes-----------------------------------------------------------------
592, 75, 176, 

Remaining budget-----------------------------------------------------------------
PREVIOUS GW: 4.2e+06
THIS GW: 4e+06

Sold-----------------------------------------------------------------
164, 198, 489, 512, 

Bought-----------------------------------------------------------------
106, 271, 330, 412, 

Number of illegal transfers--------------------------------------------------------------
3, 

-----------------------------------------------------------------
