Selected-----------------------------------------------------------------
30, 48, 104, 128, 176, 186, 259, 300, 363, 406, 428, 481, 584, 598, 608, 

Starting-----------------------------------------------------------------
30, 104, 128, 176, 186, 259, 363, 406, 428, 584, 608, 

Captain-----------------------------------------------------------------
128, 

Vice-Captain-----------------------------------------------------------------
259, 

Substitutes-----------------------------------------------------------------
481, 598, 300, 

Remaining budget-----------------------------------------------------------------
PREVIOUS GW: 1.1e+06
THIS GW: 4.8e+06

Sold-----------------------------------------------------------------
12, 90, 558, 606, 

Bought-----------------------------------------------------------------
30, 259, 584, 608, 

Number of illegal transfers--------------------------------------------------------------
3, 

-----------------------------------------------------------------
