Selected-----------------------------------------------------------------
9, 12, 131, 186, 205, 252, 259, 330, 363, 386, 481, 484, 549, 581, 584, 

Starting-----------------------------------------------------------------
12, 131, 205, 252, 259, 330, 481, 484, 549, 581, 584, 

Captain-----------------------------------------------------------------
330, 

Vice-Captain-----------------------------------------------------------------
131, 

Substitutes-----------------------------------------------------------------
363, 186, 386, 

Remaining budget-----------------------------------------------------------------
PREVIOUS GW: 5e+06
THIS GW: 300000

Sold-----------------------------------------------------------------
104, 128, 399, 547, 

Bought-----------------------------------------------------------------
131, 205, 330, 581, 

Number of illegal transfers--------------------------------------------------------------
3, 

-----------------------------------------------------------------
