Selected-----------------------------------------------------------------
32, 48, 104, 106, 167, 210, 241, 352, 363, 399, 428, 520, 552, 557, 583, 

Starting-----------------------------------------------------------------
48, 104, 106, 167, 352, 363, 399, 428, 520, 557, 583, 

Captain-----------------------------------------------------------------
428, 

Vice-Captain-----------------------------------------------------------------
557, 

Substitutes-----------------------------------------------------------------
552, 210, 241, 

Remaining budget-----------------------------------------------------------------
PREVIOUS GW: 1.5e+06
THIS GW: 1.3e+06

Sold-----------------------------------------------------------------
75, 92, 330, 484, 548, 592, 

Bought-----------------------------------------------------------------
104, 167, 363, 399, 552, 583, 

Number of illegal transfers--------------------------------------------------------------
5, 

-----------------------------------------------------------------
