Selected-----------------------------------------------------------------
48, 58, 90, 104, 158, 211, 259, 352, 363, 428, 484, 520, 548, 557, 606, 

Starting-----------------------------------------------------------------
48, 90, 211, 259, 352, 428, 484, 520, 548, 557, 606, 

Captain-----------------------------------------------------------------
352, 

Vice-Captain-----------------------------------------------------------------
484, 

Substitutes-----------------------------------------------------------------
363, 104, 158, 

Remaining budget-----------------------------------------------------------------
PREVIOUS GW: 1e+06
THIS GW: 2.1e+06

Sold-----------------------------------------------------------------
32, 213, 249, 330, 399, 552, 

Bought-----------------------------------------------------------------
48, 90, 211, 352, 484, 606, 

Number of illegal transfers--------------------------------------------------------------
5, 

-----------------------------------------------------------------
