Selected-----------------------------------------------------------------
48, 52, 90, 104, 105, 167, 249, 363, 397, 399, 428, 520, 552, 557, 583, 

Starting-----------------------------------------------------------------
48, 104, 105, 167, 363, 397, 399, 428, 520, 557, 583, 

Captain-----------------------------------------------------------------
428, 

Vice-Captain-----------------------------------------------------------------
583, 

Substitutes-----------------------------------------------------------------
90, 552, 249, 

Remaining budget-----------------------------------------------------------------
PREVIOUS GW: 2.6e+06
THIS GW: 800000

Sold-----------------------------------------------------------------
106, 210, 259, 330, 352, 484, 548, 577, 

Bought-----------------------------------------------------------------
104, 105, 167, 363, 397, 399, 552, 583, 

Number of illegal transfers--------------------------------------------------------------
7, 

-----------------------------------------------------------------
