Selected-----------------------------------------------------------------
12, 54, 104, 127, 128, 176, 259, 300, 406, 428, 481, 520, 548, 606, 608, 

Starting-----------------------------------------------------------------
12, 104, 127, 128, 176, 259, 406, 428, 481, 606, 608, 

Captain-----------------------------------------------------------------
128, 

Vice-Captain-----------------------------------------------------------------
104, 

Substitutes-----------------------------------------------------------------
520, 548, 300, 

Remaining budget-----------------------------------------------------------------
PREVIOUS GW: 2e+06
THIS GW: 900000

Sold-----------------------------------------------------------------
92, 271, 484, 558, 583, 

Bought-----------------------------------------------------------------
128, 176, 406, 606, 608, 

Number of illegal transfers--------------------------------------------------------------
4, 

-----------------------------------------------------------------
