Selected-----------------------------------------------------------------
12, 48, 75, 92, 104, 164, 241, 330, 428, 455, 495, 520, 548, 557, 577, 

Starting-----------------------------------------------------------------
12, 75, 104, 164, 241, 330, 428, 520, 548, 557, 577, 

Captain-----------------------------------------------------------------
557, 

Vice-Captain-----------------------------------------------------------------
330, 

Substitutes-----------------------------------------------------------------
495, 455, 92, 

Remaining budget-----------------------------------------------------------------
PREVIOUS GW: 1e+06
THIS GW: 1.6e+06

Sold-----------------------------------------------------------------
176, 394, 581, 584, 

Bought-----------------------------------------------------------------
104, 428, 557, 577, 

Number of illegal transfers--------------------------------------------------------------
3, 

-----------------------------------------------------------------
