Selected-----------------------------------------------------------------
25, 58, 105, 106, 212, 241, 249, 330, 394, 399, 428, 455, 548, 551, 577, 

Starting-----------------------------------------------------------------
58, 105, 106, 241, 249, 330, 394, 399, 428, 548, 577, 

Captain-----------------------------------------------------------------
330, 

Vice-Captain-----------------------------------------------------------------
106, 

Substitutes-----------------------------------------------------------------
455, 212, 551, 

Remaining budget-----------------------------------------------------------------
PREVIOUS GW: 2e+06
THIS GW: 400000

Sold-----------------------------------------------------------------
35, 198, 308, 365, 584, 

Bought-----------------------------------------------------------------
58, 249, 394, 399, 577, 

Number of illegal transfers--------------------------------------------------------------
4, 

-----------------------------------------------------------------
