Selected-----------------------------------------------------------------
44, 48, 92, 105, 106, 234, 271, 352, 397, 428, 481, 484, 579, 583, 607, 

Starting-----------------------------------------------------------------
48, 92, 105, 106, 234, 271, 352, 397, 481, 484, 583, 

Captain-----------------------------------------------------------------
481, 

Vice-Captain-----------------------------------------------------------------
484, 

Substitutes-----------------------------------------------------------------
579, 428, 607, 

Remaining budget-----------------------------------------------------------------
PREVIOUS GW: 1e+06
THIS GW: 1.2e+06

Sold-----------------------------------------------------------------
90, 104, 249, 399, 

Bought-----------------------------------------------------------------
92, 234, 271, 481, 

Number of illegal transfers--------------------------------------------------------------
3, 

-----------------------------------------------------------------
