Selected-----------------------------------------------------------------
18, 37, 92, 106, 127, 158, 234, 300, 352, 481, 484, 520, 548, 558, 598, 

Starting-----------------------------------------------------------------
18, 92, 106, 127, 300, 481, 484, 520, 548, 558, 598, 

Captain-----------------------------------------------------------------
558, 

Vice-Captain-----------------------------------------------------------------
300, 

Substitutes-----------------------------------------------------------------
352, 234, 158, 

Remaining budget-----------------------------------------------------------------
PREVIOUS GW: 2.6e+06
THIS GW: 1.12e+07

Sold-----------------------------------------------------------------
271, 397, 415, 583, 610, 

Bought-----------------------------------------------------------------
92, 300, 520, 558, 598, 

Number of illegal transfers--------------------------------------------------------------
4, 

-----------------------------------------------------------------
