Selected-----------------------------------------------------------------
9, 30, 79, 131, 203, 205, 259, 281, 330, 394, 481, 484, 549, 581, 584, 

Starting-----------------------------------------------------------------
9, 131, 203, 205, 281, 330, 394, 481, 484, 581, 584, 

Captain-----------------------------------------------------------------
330, 

Vice-Captain-----------------------------------------------------------------
131, 

Substitutes-----------------------------------------------------------------
549, 79, 259, 

Remaining budget-----------------------------------------------------------------
PREVIOUS GW: 5.9e+06
THIS GW: 1.3e+06

Sold-----------------------------------------------------------------
164, 186, 252, 386, 547, 

Bought-----------------------------------------------------------------
131, 203, 205, 330, 581, 

Number of illegal transfers--------------------------------------------------------------
4, 

-----------------------------------------------------------------
