Selected-----------------------------------------------------------------
12, 48, 92, 104, 105, 127, 249, 397, 428, 481, 484, 520, 548, 583, 607, 

Starting-----------------------------------------------------------------
48, 92, 104, 105, 127, 397, 428, 481, 484, 520, 583, 

Captain-----------------------------------------------------------------
104, 

Vice-Captain-----------------------------------------------------------------
397, 

Substitutes-----------------------------------------------------------------
548, 607, 249, 

Remaining budget-----------------------------------------------------------------
PREVIOUS GW: 3.1e+06
THIS GW: 800000

Sold-----------------------------------------------------------------
176, 234, 259, 536, 

Bought-----------------------------------------------------------------
92, 104, 105, 397, 

Number of illegal transfers--------------------------------------------------------------
3, 

-----------------------------------------------------------------
