Selected-----------------------------------------------------------------
48, 58, 90, 105, 106, 234, 271, 397, 415, 481, 484, 520, 579, 583, 607, 

Starting-----------------------------------------------------------------
48, 105, 106, 234, 271, 397, 415, 481, 484, 520, 583, 

Captain-----------------------------------------------------------------
481, 

Vice-Captain-----------------------------------------------------------------
484, 

Substitutes-----------------------------------------------------------------
90, 579, 607, 

Remaining budget-----------------------------------------------------------------
PREVIOUS GW: 1.5e+06
THIS GW: 6.2e+06

Sold-----------------------------------------------------------------
104, 249, 399, 428, 

Bought-----------------------------------------------------------------
234, 271, 415, 481, 

Number of illegal transfers--------------------------------------------------------------
3, 

-----------------------------------------------------------------
