Selected-----------------------------------------------------------------
12, 54, 75, 89, 92, 106, 241, 308, 330, 365, 394, 455, 557, 584, 592, 

Starting-----------------------------------------------------------------
12, 92, 106, 241, 308, 330, 365, 394, 455, 557, 584, 

Captain-----------------------------------------------------------------
330, 

Vice-Captain-----------------------------------------------------------------
106, 

Substitutes-----------------------------------------------------------------
89, 592, 75, 

Remaining budget-----------------------------------------------------------------
PREVIOUS GW: 5.9e+06
THIS GW: 3e+06

Sold-----------------------------------------------------------------
15, 164, 267, 463, 

Bought-----------------------------------------------------------------
12, 92, 106, 330, 

Number of illegal transfers--------------------------------------------------------------
3, 

-----------------------------------------------------------------
