Selected-----------------------------------------------------------------
20, 48, 128, 131, 186, 252, 259, 330, 350, 352, 394, 481, 549, 581, 584, 

Starting-----------------------------------------------------------------
20, 131, 186, 252, 330, 350, 352, 481, 549, 581, 584, 

Captain-----------------------------------------------------------------
584, 

Vice-Captain-----------------------------------------------------------------
581, 

Substitutes-----------------------------------------------------------------
394, 128, 259, 

Remaining budget-----------------------------------------------------------------
PREVIOUS GW: 4.4e+06
THIS GW: 3.8e+06

Sold-----------------------------------------------------------------
363, 484, 531, 606, 

Bought-----------------------------------------------------------------
330, 350, 352, 581, 

Number of illegal transfers--------------------------------------------------------------
3, 

-----------------------------------------------------------------
