Selected-----------------------------------------------------------------
18, 23, 75, 92, 164, 176, 241, 330, 365, 394, 455, 495, 557, 577, 592, 

Starting-----------------------------------------------------------------
18, 75, 164, 241, 330, 365, 394, 495, 557, 577, 592, 

Captain-----------------------------------------------------------------
394, 

Vice-Captain-----------------------------------------------------------------
330, 

Substitutes-----------------------------------------------------------------
455, 92, 176, 

Remaining budget-----------------------------------------------------------------
PREVIOUS GW: 5.3e+06
THIS GW: 2.7e+06

Sold-----------------------------------------------------------------
489, 512, 551, 584, 

Bought-----------------------------------------------------------------
330, 365, 577, 592, 

Number of illegal transfers--------------------------------------------------------------
3, 

-----------------------------------------------------------------
