Selected-----------------------------------------------------------------
12, 58, 75, 106, 213, 241, 259, 330, 335, 412, 449, 455, 548, 584, 592, 

Starting-----------------------------------------------------------------
58, 106, 213, 259, 330, 335, 412, 449, 455, 548, 584, 

Captain-----------------------------------------------------------------
330, 

Vice-Captain-----------------------------------------------------------------
335, 

Substitutes-----------------------------------------------------------------
592, 241, 75, 

Remaining budget-----------------------------------------------------------------
PREVIOUS GW: 8.4e+06
THIS GW: 8.7e+06

Sold-----------------------------------------------------------------
15, 92, 308, 557, 

Bought-----------------------------------------------------------------
58, 213, 335, 548, 

Number of illegal transfers--------------------------------------------------------------
3, 

-----------------------------------------------------------------
