Selected-----------------------------------------------------------------
48, 52, 104, 106, 167, 221, 241, 363, 397, 399, 428, 520, 552, 557, 583, 

Starting-----------------------------------------------------------------
48, 104, 106, 167, 363, 397, 399, 428, 520, 557, 583, 

Captain-----------------------------------------------------------------
428, 

Vice-Captain-----------------------------------------------------------------
557, 

Substitutes-----------------------------------------------------------------
552, 241, 221, 

Remaining budget-----------------------------------------------------------------
PREVIOUS GW: 2.2e+06
THIS GW: 1e+06

Sold-----------------------------------------------------------------
92, 210, 330, 352, 484, 548, 577, 

Bought-----------------------------------------------------------------
104, 167, 363, 397, 399, 552, 583, 

Number of illegal transfers--------------------------------------------------------------
6, 

-----------------------------------------------------------------
