Selected-----------------------------------------------------------------
16, 37, 75, 131, 155, 176, 259, 365, 406, 415, 495, 522, 553, 584, 610, 

Starting-----------------------------------------------------------------
37, 75, 155, 176, 365, 406, 415, 495, 522, 584, 610, 

Captain-----------------------------------------------------------------
522, 

Vice-Captain-----------------------------------------------------------------
365, 

Substitutes-----------------------------------------------------------------
553, 131, 259, 

Remaining budget-----------------------------------------------------------------
PREVIOUS GW: 200000
THIS GW: 2.9e+06

Sold-----------------------------------------------------------------
25, 229, 361, 557, 

Bought-----------------------------------------------------------------
37, 75, 365, 610, 

Number of illegal transfers--------------------------------------------------------------
3, 

-----------------------------------------------------------------
