Selected-----------------------------------------------------------------
12, 48, 104, 106, 127, 234, 271, 352, 397, 428, 481, 484, 558, 583, 598, 

Starting-----------------------------------------------------------------
12, 104, 106, 127, 397, 428, 481, 484, 558, 583, 598, 

Captain-----------------------------------------------------------------
558, 

Vice-Captain-----------------------------------------------------------------
104, 

Substitutes-----------------------------------------------------------------
271, 234, 352, 

Remaining budget-----------------------------------------------------------------
PREVIOUS GW: 4.6e+06
THIS GW: 800000

Sold-----------------------------------------------------------------
105, 415, 548, 610, 

Bought-----------------------------------------------------------------
104, 428, 558, 598, 

Number of illegal transfers--------------------------------------------------------------
3, 

-----------------------------------------------------------------
