Selected-----------------------------------------------------------------
9, 35, 131, 171, 177, 203, 205, 338, 350, 394, 484, 489, 557, 581, 584, 

Starting-----------------------------------------------------------------
35, 131, 171, 177, 338, 350, 484, 489, 557, 581, 584, 

Captain-----------------------------------------------------------------
131, 

Vice-Captain-----------------------------------------------------------------
350, 

Substitutes-----------------------------------------------------------------
394, 203, 205, 

Remaining budget-----------------------------------------------------------------
PREVIOUS GW: 4.4e+06
THIS GW: 5.6e+06

Sold-----------------------------------------------------------------
12, 252, 281, 481, 549, 

Bought-----------------------------------------------------------------
35, 171, 338, 350, 557, 

Number of illegal transfers--------------------------------------------------------------
4, 

-----------------------------------------------------------------
