Selected-----------------------------------------------------------------
24, 48, 90, 104, 106, 127, 128, 277, 363, 428, 481, 520, 548, 583, 610, 

Starting-----------------------------------------------------------------
24, 104, 127, 128, 277, 363, 428, 481, 548, 583, 610, 

Captain-----------------------------------------------------------------
583, 

Vice-Captain-----------------------------------------------------------------
548, 

Substitutes-----------------------------------------------------------------
106, 520, 90, 

Remaining budget-----------------------------------------------------------------
PREVIOUS GW: 3e+06
THIS GW: 2.8e+06

Sold-----------------------------------------------------------------
352, 415, 484, 606, 

Bought-----------------------------------------------------------------
277, 363, 428, 548, 

Number of illegal transfers--------------------------------------------------------------
3, 

-----------------------------------------------------------------
