Selected-----------------------------------------------------------------
18, 44, 75, 106, 176, 241, 249, 308, 330, 394, 399, 455, 548, 577, 584, 

Starting-----------------------------------------------------------------
18, 75, 106, 241, 249, 330, 394, 399, 548, 577, 584, 

Captain-----------------------------------------------------------------
330, 

Vice-Captain-----------------------------------------------------------------
106, 

Substitutes-----------------------------------------------------------------
455, 176, 308, 

Remaining budget-----------------------------------------------------------------
PREVIOUS GW: 4.7e+06
THIS GW: 600000

Sold-----------------------------------------------------------------
164, 365, 512, 549, 

Bought-----------------------------------------------------------------
249, 394, 399, 577, 

Number of illegal transfers--------------------------------------------------------------
3, 

-----------------------------------------------------------------
