Selected-----------------------------------------------------------------
12, 48, 90, 104, 105, 234, 271, 352, 405, 455, 481, 484, 557, 583, 607, 

Starting-----------------------------------------------------------------
48, 104, 105, 234, 271, 352, 405, 455, 481, 484, 583, 

Captain-----------------------------------------------------------------
481, 

Vice-Captain-----------------------------------------------------------------
484, 

Substitutes-----------------------------------------------------------------
90, 607, 557, 

Remaining budget-----------------------------------------------------------------
PREVIOUS GW: 0
THIS GW: 3.2e+06

Sold-----------------------------------------------------------------
167, 249, 399, 428, 

Bought-----------------------------------------------------------------
234, 271, 405, 481, 

Number of illegal transfers--------------------------------------------------------------
3, 

-----------------------------------------------------------------
