Selected-----------------------------------------------------------------
12, 30, 92, 106, 176, 241, 259, 330, 352, 394, 455, 520, 548, 557, 577, 

Starting-----------------------------------------------------------------
12, 92, 106, 259, 330, 352, 394, 455, 520, 548, 557, 

Captain-----------------------------------------------------------------
520, 

Vice-Captain-----------------------------------------------------------------
548, 

Substitutes-----------------------------------------------------------------
577, 241, 176, 

Remaining budget-----------------------------------------------------------------
PREVIOUS GW: 1.8e+06
THIS GW: 6.6e+06

Sold-----------------------------------------------------------------
75, 132, 365, 512, 

Bought-----------------------------------------------------------------
92, 259, 352, 520, 

Number of illegal transfers--------------------------------------------------------------
3, 

-----------------------------------------------------------------
