Selected-----------------------------------------------------------------
20, 48, 128, 131, 205, 252, 259, 330, 350, 352, 484, 489, 576, 581, 584, 

Starting-----------------------------------------------------------------
20, 131, 205, 252, 330, 350, 352, 484, 576, 581, 584, 

Captain-----------------------------------------------------------------
131, 

Vice-Captain-----------------------------------------------------------------
581, 

Substitutes-----------------------------------------------------------------
489, 259, 128, 

Remaining budget-----------------------------------------------------------------
PREVIOUS GW: 8.7e+06
THIS GW: 2.6e+06

Sold-----------------------------------------------------------------
394, 481, 547, 549, 

Bought-----------------------------------------------------------------
350, 352, 576, 581, 

Number of illegal transfers--------------------------------------------------------------
3, 

-----------------------------------------------------------------
