Selected-----------------------------------------------------------------
12, 25, 75, 89, 104, 106, 259, 330, 352, 363, 412, 520, 548, 577, 606, 

Starting-----------------------------------------------------------------
25, 104, 106, 259, 330, 352, 363, 520, 548, 577, 606, 

Captain-----------------------------------------------------------------
520, 

Vice-Captain-----------------------------------------------------------------
606, 

Substitutes-----------------------------------------------------------------
89, 75, 412, 

Remaining budget-----------------------------------------------------------------
PREVIOUS GW: 6.1e+06
THIS GW: 5.1e+06

Sold-----------------------------------------------------------------
241, 394, 455, 592, 

Bought-----------------------------------------------------------------
259, 352, 520, 606, 

Number of illegal transfers--------------------------------------------------------------
3, 

-----------------------------------------------------------------
