Selected-----------------------------------------------------------------
12, 18, 93, 104, 106, 137, 271, 300, 344, 412, 428, 489, 581, 584, 592, 

Starting-----------------------------------------------------------------
12, 104, 106, 137, 344, 412, 428, 489, 581, 584, 592, 

Captain-----------------------------------------------------------------
581, 

Vice-Captain-----------------------------------------------------------------
428, 

Substitutes-----------------------------------------------------------------
271, 93, 300, 

Remaining budget-----------------------------------------------------------------
PREVIOUS GW: 700000
THIS GW: 200000

Sold-----------------------------------------------------------------
176, 394, 520, 576, 583, 

Bought-----------------------------------------------------------------
137, 344, 428, 581, 592, 

Number of illegal transfers--------------------------------------------------------------
4, 

-----------------------------------------------------------------
