Selected-----------------------------------------------------------------
12, 48, 104, 106, 210, 237, 241, 330, 352, 363, 455, 520, 548, 577, 592, 

Starting-----------------------------------------------------------------
48, 104, 106, 210, 330, 352, 363, 455, 520, 548, 592, 

Captain-----------------------------------------------------------------
520, 

Vice-Captain-----------------------------------------------------------------
352, 

Substitutes-----------------------------------------------------------------
577, 241, 237, 

Remaining budget-----------------------------------------------------------------
PREVIOUS GW: 600000
THIS GW: 1.06e+07

Sold-----------------------------------------------------------------
30, 75, 394, 428, 

Bought-----------------------------------------------------------------
48, 210, 352, 520, 

Number of illegal transfers--------------------------------------------------------------
3, 

-----------------------------------------------------------------
