Selected-----------------------------------------------------------------
12, 66, 92, 105, 106, 234, 271, 397, 415, 427, 481, 510, 579, 583, 606, 

Starting-----------------------------------------------------------------
66, 92, 106, 234, 271, 397, 415, 427, 481, 583, 606, 

Captain-----------------------------------------------------------------
481, 

Vice-Captain-----------------------------------------------------------------
415, 

Substitutes-----------------------------------------------------------------
105, 579, 510, 

Remaining budget-----------------------------------------------------------------
PREVIOUS GW: 0
THIS GW: 1.3e+06

Sold-----------------------------------------------------------------
54, 90, 104, 428, 484, 561, 

Bought-----------------------------------------------------------------
66, 234, 271, 415, 481, 606, 

Number of illegal transfers--------------------------------------------------------------
5, 

-----------------------------------------------------------------
