Total expected points: 153.587
Selected-----------------------------------------------------------------
25, 48, 131, 176, 221, 229, 259, 361, 406, 415, 495, 522, 548, 557, 584, 

Starting-----------------------------------------------------------------
25, 131, 176, 259, 361, 406, 415, 495, 522, 557, 584, 

Captain-----------------------------------------------------------------
495, 

Vice-Captain-----------------------------------------------------------------
557, 

Substitutes-----------------------------------------------------------------
229, 221, 548, 

Remaining budget-----------------------------------------------------------------
0, 

-----------------------------------------------------------------
