Selected-----------------------------------------------------------------
35, 52, 75, 164, 176, 198, 267, 365, 428, 489, 495, 512, 548, 584, 610, 

Starting-----------------------------------------------------------------
35, 75, 164, 198, 267, 365, 428, 489, 512, 548, 584, 

Captain-----------------------------------------------------------------
428, 

Vice-Captain-----------------------------------------------------------------
512, 

Substitutes-----------------------------------------------------------------
176, 495, 610, 

Remaining budget-----------------------------------------------------------------
PREVIOUS GW: 3.4e+06
THIS GW: 1.2e+06

Sold-----------------------------------------------------------------
37, 89, 128, 186, 265, 522, 

Bought-----------------------------------------------------------------
35, 75, 164, 198, 267, 512, 

Number of illegal transfers--------------------------------------------------------------
5, 

-----------------------------------------------------------------
