Selected-----------------------------------------------------------------
25, 58, 75, 104, 106, 213, 241, 315, 330, 363, 394, 399, 577, 584, 592, 

Starting-----------------------------------------------------------------
58, 75, 104, 106, 315, 330, 363, 394, 399, 577, 592, 

Captain-----------------------------------------------------------------
330, 

Vice-Captain-----------------------------------------------------------------
106, 

Substitutes-----------------------------------------------------------------
584, 213, 241, 

Remaining budget-----------------------------------------------------------------
PREVIOUS GW: 1.8e+06
THIS GW: 0

Sold-----------------------------------------------------------------
35, 164, 308, 365, 455, 

Bought-----------------------------------------------------------------
58, 104, 315, 363, 399, 

Number of illegal transfers--------------------------------------------------------------
4, 

-----------------------------------------------------------------
