Selected-----------------------------------------------------------------
24, 48, 106, 108, 128, 176, 186, 279, 300, 363, 406, 481, 548, 549, 619, 

Starting-----------------------------------------------------------------
48, 106, 108, 128, 186, 279, 363, 406, 548, 549, 619, 

Captain-----------------------------------------------------------------
363, 

Vice-Captain-----------------------------------------------------------------
186, 

Substitutes-----------------------------------------------------------------
176, 300, 481, 

Remaining budget-----------------------------------------------------------------
PREVIOUS GW: 3.9e+06
THIS GW: 7.4e+06

Sold-----------------------------------------------------------------
104, 361, 484, 598, 606, 

Bought-----------------------------------------------------------------
186, 279, 363, 549, 619, 

Number of illegal transfers--------------------------------------------------------------
4, 

-----------------------------------------------------------------
