Selected-----------------------------------------------------------------
30, 44, 92, 131, 203, 205, 222, 281, 330, 394, 484, 489, 549, 576, 581, 

Starting-----------------------------------------------------------------
44, 92, 131, 203, 205, 281, 330, 484, 549, 576, 581, 

Captain-----------------------------------------------------------------
330, 

Vice-Captain-----------------------------------------------------------------
549, 

Substitutes-----------------------------------------------------------------
489, 394, 222, 

Remaining budget-----------------------------------------------------------------
PREVIOUS GW: 1.7e+06
THIS GW: 1.3e+06

Sold-----------------------------------------------------------------
20, 252, 481, 584, 

Bought-----------------------------------------------------------------
44, 203, 281, 576, 

Number of illegal transfers--------------------------------------------------------------
3, 

-----------------------------------------------------------------
