Selected-----------------------------------------------------------------
12, 48, 92, 104, 105, 106, 127, 300, 428, 481, 484, 520, 548, 558, 598, 

Starting-----------------------------------------------------------------
48, 92, 104, 127, 300, 428, 481, 520, 548, 558, 598, 

Captain-----------------------------------------------------------------
558, 

Vice-Captain-----------------------------------------------------------------
300, 

Substitutes-----------------------------------------------------------------
484, 106, 105, 

Remaining budget-----------------------------------------------------------------
PREVIOUS GW: 6.5e+06
THIS GW: 6.3e+06

Sold-----------------------------------------------------------------
167, 271, 415, 536, 583, 610, 

Bought-----------------------------------------------------------------
92, 104, 300, 428, 558, 598, 

Number of illegal transfers--------------------------------------------------------------
5, 

-----------------------------------------------------------------
