Selected-----------------------------------------------------------------
15, 37, 89, 164, 178, 198, 259, 365, 428, 455, 489, 512, 548, 583, 610, 

Starting-----------------------------------------------------------------
37, 89, 164, 178, 198, 365, 428, 455, 489, 512, 548, 

Captain-----------------------------------------------------------------
512, 

Vice-Captain-----------------------------------------------------------------
365, 

Substitutes-----------------------------------------------------------------
259, 583, 610, 

Remaining budget-----------------------------------------------------------------
PREVIOUS GW: 1.7e+06
THIS GW: 1.4e+06

Sold-----------------------------------------------------------------
183, 265, 472, 522, 

Bought-----------------------------------------------------------------
164, 198, 455, 512, 

Number of illegal transfers--------------------------------------------------------------
3, 

-----------------------------------------------------------------
