Selected-----------------------------------------------------------------
37, 44, 92, 127, 167, 234, 241, 352, 427, 481, 484, 536, 579, 583, 584, 

Starting-----------------------------------------------------------------
37, 92, 127, 234, 352, 427, 481, 484, 536, 583, 584, 

Captain-----------------------------------------------------------------
481, 

Vice-Captain-----------------------------------------------------------------
583, 

Substitutes-----------------------------------------------------------------
579, 167, 241, 

Remaining budget-----------------------------------------------------------------
PREVIOUS GW: 0
THIS GW: 2.5e+06

Sold-----------------------------------------------------------------
48, 259, 428, 520, 606, 

Bought-----------------------------------------------------------------
37, 234, 427, 536, 584, 

Number of illegal transfers--------------------------------------------------------------
4, 

-----------------------------------------------------------------
