Selected-----------------------------------------------------------------
37, 52, 89, 131, 183, 259, 265, 274, 415, 472, 495, 522, 557, 583, 584, 

Starting-----------------------------------------------------------------
37, 131, 183, 259, 274, 415, 495, 522, 557, 583, 584, 

Captain-----------------------------------------------------------------
415, 

Vice-Captain-----------------------------------------------------------------
495, 

Substitutes-----------------------------------------------------------------
472, 89, 265, 

Remaining budget-----------------------------------------------------------------
PREVIOUS GW: 4.3e+06
THIS GW: 900000

Sold-----------------------------------------------------------------
177, 365, 394, 548, 610, 

Bought-----------------------------------------------------------------
131, 415, 495, 557, 584, 

Number of illegal transfers--------------------------------------------------------------
4, 

-----------------------------------------------------------------
