Selected-----------------------------------------------------------------
12, 54, 75, 106, 132, 155, 241, 308, 330, 363, 394, 455, 557, 577, 584, 

Starting-----------------------------------------------------------------
12, 75, 106, 241, 330, 363, 394, 455, 557, 577, 584, 

Captain-----------------------------------------------------------------
330, 

Vice-Captain-----------------------------------------------------------------
557, 

Substitutes-----------------------------------------------------------------
308, 155, 132, 

Remaining budget-----------------------------------------------------------------
PREVIOUS GW: 500000
THIS GW: 500000

Sold-----------------------------------------------------------------
164, 176, 512, 548, 

Bought-----------------------------------------------------------------
106, 241, 363, 577, 

Number of illegal transfers--------------------------------------------------------------
3, 

-----------------------------------------------------------------
