Selected-----------------------------------------------------------------
20, 48, 104, 128, 176, 186, 259, 363, 394, 399, 481, 536, 549, 584, 606, 

Starting-----------------------------------------------------------------
20, 128, 186, 259, 363, 394, 399, 481, 549, 584, 606, 

Captain-----------------------------------------------------------------
399, 

Vice-Captain-----------------------------------------------------------------
481, 

Substitutes-----------------------------------------------------------------
176, 104, 536, 

Remaining budget-----------------------------------------------------------------
PREVIOUS GW: 6.4e+06
THIS GW: 2.4e+06

Sold-----------------------------------------------------------------
24, 330, 335, 608, 

Bought-----------------------------------------------------------------
20, 394, 481, 606, 

Number of illegal transfers--------------------------------------------------------------
3, 

-----------------------------------------------------------------
