Selected-----------------------------------------------------------------
15, 48, 89, 104, 106, 158, 241, 352, 363, 428, 484, 520, 548, 557, 583, 

Starting-----------------------------------------------------------------
48, 104, 106, 158, 352, 363, 428, 484, 548, 557, 583, 

Captain-----------------------------------------------------------------
428, 

Vice-Captain-----------------------------------------------------------------
557, 

Substitutes-----------------------------------------------------------------
520, 241, 89, 

Remaining budget-----------------------------------------------------------------
PREVIOUS GW: 500000
THIS GW: 200000

Sold-----------------------------------------------------------------
75, 92, 330, 577, 

Bought-----------------------------------------------------------------
104, 158, 363, 583, 

Number of illegal transfers--------------------------------------------------------------
3, 

-----------------------------------------------------------------
