Selected-----------------------------------------------------------------
15, 48, 90, 105, 106, 241, 259, 352, 399, 428, 484, 520, 557, 579, 583, 

Starting-----------------------------------------------------------------
48, 90, 105, 106, 352, 399, 428, 484, 557, 579, 583, 

Captain-----------------------------------------------------------------
428, 

Vice-Captain-----------------------------------------------------------------
583, 

Substitutes-----------------------------------------------------------------
241, 520, 259, 

Remaining budget-----------------------------------------------------------------
PREVIOUS GW: 4.4e+06
THIS GW: 1.1e+06

Sold-----------------------------------------------------------------
162, 330, 548, 561, 

Bought-----------------------------------------------------------------
105, 399, 579, 583, 

Number of illegal transfers--------------------------------------------------------------
3, 

-----------------------------------------------------------------
