Selected-----------------------------------------------------------------
20, 48, 121, 131, 186, 252, 259, 330, 350, 481, 484, 531, 549, 576, 584, 

Starting-----------------------------------------------------------------
20, 121, 131, 186, 330, 350, 481, 484, 549, 576, 584, 

Captain-----------------------------------------------------------------
576, 

Vice-Captain-----------------------------------------------------------------
584, 

Substitutes-----------------------------------------------------------------
252, 531, 259, 

Remaining budget-----------------------------------------------------------------
PREVIOUS GW: 6.4e+06
THIS GW: 5.3e+06

Sold-----------------------------------------------------------------
9, 128, 363, 402, 577, 

Bought-----------------------------------------------------------------
20, 121, 330, 350, 576, 

Number of illegal transfers--------------------------------------------------------------
4, 

-----------------------------------------------------------------
