Selected-----------------------------------------------------------------
20, 30, 121, 128, 131, 252, 259, 394, 399, 481, 484, 531, 549, 584, 606, 

Starting-----------------------------------------------------------------
20, 121, 131, 252, 394, 399, 481, 484, 531, 549, 584, 

Captain-----------------------------------------------------------------
549, 

Vice-Captain-----------------------------------------------------------------
481, 

Substitutes-----------------------------------------------------------------
606, 259, 128, 

Remaining budget-----------------------------------------------------------------
PREVIOUS GW: 6e+06
THIS GW: 6.1e+06

Sold-----------------------------------------------------------------
127, 222, 335, 363, 

Bought-----------------------------------------------------------------
131, 252, 484, 531, 

Number of illegal transfers--------------------------------------------------------------
3, 

-----------------------------------------------------------------
