Selected-----------------------------------------------------------------
25, 48, 92, 105, 106, 127, 271, 300, 397, 481, 484, 520, 548, 558, 583, 

Starting-----------------------------------------------------------------
48, 92, 106, 127, 300, 481, 484, 520, 548, 558, 583, 

Captain-----------------------------------------------------------------
558, 

Vice-Captain-----------------------------------------------------------------
300, 

Substitutes-----------------------------------------------------------------
397, 105, 271, 

Remaining budget-----------------------------------------------------------------
PREVIOUS GW: 2.9e+06
THIS GW: 5.5e+06

Sold-----------------------------------------------------------------
89, 415, 427, 610, 

Bought-----------------------------------------------------------------
92, 300, 520, 558, 

Number of illegal transfers--------------------------------------------------------------
3, 

-----------------------------------------------------------------
