Selected-----------------------------------------------------------------
1, 54, 75, 164, 198, 259, 267, 365, 415, 455, 489, 512, 557, 584, 610, 

Starting-----------------------------------------------------------------
1, 75, 164, 198, 267, 365, 415, 455, 489, 512, 557, 

Captain-----------------------------------------------------------------
512, 

Vice-Captain-----------------------------------------------------------------
365, 

Substitutes-----------------------------------------------------------------
584, 259, 610, 

Remaining budget-----------------------------------------------------------------
PREVIOUS GW: 2.4e+06
THIS GW: 700000

Sold-----------------------------------------------------------------
89, 128, 176, 265, 495, 522, 

Bought-----------------------------------------------------------------
75, 164, 198, 267, 455, 512, 

Number of illegal transfers--------------------------------------------------------------
5, 

-----------------------------------------------------------------
