Selected-----------------------------------------------------------------
24, 58, 131, 177, 205, 252, 259, 352, 394, 481, 484, 489, 576, 581, 584, 

Starting-----------------------------------------------------------------
58, 131, 177, 205, 352, 394, 481, 484, 489, 576, 581, 

Captain-----------------------------------------------------------------
489, 

Vice-Captain-----------------------------------------------------------------
394, 

Substitutes-----------------------------------------------------------------
584, 252, 259, 

Remaining budget-----------------------------------------------------------------
PREVIOUS GW: 1.6e+06
THIS GW: 2.7e+06

Sold-----------------------------------------------------------------
48, 121, 330, 363, 

Bought-----------------------------------------------------------------
58, 177, 394, 489, 

Number of illegal transfers--------------------------------------------------------------
3, 

-----------------------------------------------------------------
