Selected-----------------------------------------------------------------
12, 30, 75, 132, 164, 241, 267, 308, 365, 394, 428, 455, 551, 557, 577, 

Starting-----------------------------------------------------------------
12, 75, 132, 164, 308, 365, 394, 428, 455, 557, 577, 

Captain-----------------------------------------------------------------
394, 

Vice-Captain-----------------------------------------------------------------
428, 

Substitutes-----------------------------------------------------------------
551, 241, 267, 

Remaining budget-----------------------------------------------------------------
PREVIOUS GW: 1.4e+06
THIS GW: 2.2e+06

Sold-----------------------------------------------------------------
44, 481, 489, 512, 584, 

Bought-----------------------------------------------------------------
12, 308, 394, 428, 551, 

Number of illegal transfers--------------------------------------------------------------
4, 

-----------------------------------------------------------------
