Selected-----------------------------------------------------------------
24, 66, 105, 106, 127, 234, 271, 415, 427, 481, 484, 520, 548, 583, 610, 

Starting-----------------------------------------------------------------
24, 127, 234, 271, 427, 481, 484, 520, 548, 583, 610, 

Captain-----------------------------------------------------------------
481, 

Vice-Captain-----------------------------------------------------------------
127, 

Substitutes-----------------------------------------------------------------
415, 106, 105, 

Remaining budget-----------------------------------------------------------------
PREVIOUS GW: 1.8e+06
THIS GW: 2.7e+06

Sold-----------------------------------------------------------------
23, 211, 397, 579, 606, 

Bought-----------------------------------------------------------------
24, 127, 484, 548, 610, 

Number of illegal transfers--------------------------------------------------------------
4, 

-----------------------------------------------------------------
