Selected-----------------------------------------------------------------
12, 15, 75, 106, 176, 241, 249, 330, 352, 399, 455, 520, 548, 557, 581, 

Starting-----------------------------------------------------------------
12, 106, 176, 249, 330, 352, 399, 520, 548, 557, 581, 

Captain-----------------------------------------------------------------
520, 

Vice-Captain-----------------------------------------------------------------
581, 

Substitutes-----------------------------------------------------------------
455, 75, 241, 

Remaining budget-----------------------------------------------------------------
PREVIOUS GW: 0
THIS GW: 1.1e+06

Sold-----------------------------------------------------------------
308, 394, 577, 584, 

Bought-----------------------------------------------------------------
352, 520, 548, 581, 

Number of illegal transfers--------------------------------------------------------------
3, 

-----------------------------------------------------------------
