Selected-----------------------------------------------------------------
35, 52, 75, 131, 155, 164, 229, 365, 406, 415, 495, 512, 548, 584, 621, 

Starting-----------------------------------------------------------------
35, 75, 164, 229, 365, 406, 415, 495, 512, 548, 584, 

Captain-----------------------------------------------------------------
75, 

Vice-Captain-----------------------------------------------------------------
365, 

Substitutes-----------------------------------------------------------------
131, 155, 621, 

Remaining budget-----------------------------------------------------------------
PREVIOUS GW: 3.2e+06
THIS GW: 1.7e+06

Sold-----------------------------------------------------------------
25, 176, 259, 522, 

Bought-----------------------------------------------------------------
35, 75, 164, 512, 

Number of illegal transfers--------------------------------------------------------------
3, 

-----------------------------------------------------------------
