Selected-----------------------------------------------------------------
9, 37, 131, 171, 177, 205, 265, 338, 350, 463, 484, 489, 557, 561, 581, 

Starting-----------------------------------------------------------------
37, 131, 171, 177, 338, 350, 463, 489, 557, 561, 581, 

Captain-----------------------------------------------------------------
131, 

Vice-Captain-----------------------------------------------------------------
171, 

Substitutes-----------------------------------------------------------------
265, 484, 205, 

Remaining budget-----------------------------------------------------------------
PREVIOUS GW: 9.3e+06
THIS GW: 9.3e+06

Sold-----------------------------------------------------------------
30, 203, 281, 481, 549, 577, 

Bought-----------------------------------------------------------------
37, 171, 338, 463, 557, 561, 

Number of illegal transfers--------------------------------------------------------------
5, 

-----------------------------------------------------------------
