Selected-----------------------------------------------------------------
12, 35, 104, 106, 164, 241, 259, 330, 352, 363, 455, 520, 548, 577, 606, 

Starting-----------------------------------------------------------------
35, 104, 164, 259, 330, 352, 363, 520, 548, 577, 606, 

Captain-----------------------------------------------------------------
520, 

Vice-Captain-----------------------------------------------------------------
606, 

Substitutes-----------------------------------------------------------------
106, 455, 241, 

Remaining budget-----------------------------------------------------------------
PREVIOUS GW: 3.8e+06
THIS GW: 4.9e+06

Sold-----------------------------------------------------------------
75, 394, 412, 592, 

Bought-----------------------------------------------------------------
259, 352, 520, 606, 

Number of illegal transfers--------------------------------------------------------------
3, 

-----------------------------------------------------------------
