Selected-----------------------------------------------------------------
12, 48, 92, 104, 106, 127, 234, 300, 428, 481, 520, 536, 548, 558, 598, 

Starting-----------------------------------------------------------------
48, 92, 104, 127, 300, 428, 481, 520, 548, 558, 598, 

Captain-----------------------------------------------------------------
558, 

Vice-Captain-----------------------------------------------------------------
300, 

Substitutes-----------------------------------------------------------------
536, 106, 234, 

Remaining budget-----------------------------------------------------------------
PREVIOUS GW: 6.5e+06
THIS GW: 1.01e+07

Sold-----------------------------------------------------------------
271, 415, 484, 583, 610, 

Bought-----------------------------------------------------------------
92, 300, 428, 558, 598, 

Number of illegal transfers--------------------------------------------------------------
4, 

-----------------------------------------------------------------
