Selected-----------------------------------------------------------------
12, 48, 92, 104, 106, 127, 176, 300, 481, 484, 520, 536, 558, 583, 598, 

Starting-----------------------------------------------------------------
48, 92, 104, 127, 300, 481, 484, 520, 536, 558, 598, 

Captain-----------------------------------------------------------------
558, 

Vice-Captain-----------------------------------------------------------------
300, 

Substitutes-----------------------------------------------------------------
583, 106, 176, 

Remaining budget-----------------------------------------------------------------
PREVIOUS GW: 6.5e+06
THIS GW: 9.4e+06

Sold-----------------------------------------------------------------
105, 271, 427, 579, 610, 

Bought-----------------------------------------------------------------
92, 104, 300, 558, 598, 

Number of illegal transfers--------------------------------------------------------------
4, 

-----------------------------------------------------------------
