Selected-----------------------------------------------------------------
22, 23, 104, 107, 169, 174, 266, 415, 421, 481, 489, 523, 570, 575, 606, 

Starting-----------------------------------------------------------------
23, 104, 169, 174, 266, 415, 421, 481, 489, 523, 606, 

Captain-----------------------------------------------------------------
606, 

Vice-Captain-----------------------------------------------------------------
481, 

Substitutes-----------------------------------------------------------------
570, 575, 107, 

Remaining budget-----------------------------------------------------------------
PREVIOUS GW: 700000
THIS GW: 200000

Sold-----------------------------------------------------------------
15, 105, 230, 394, 400, 423, 577, 

Bought-----------------------------------------------------------------
23, 169, 174, 481, 489, 523, 606, 

Number of illegal transfers--------------------------------------------------------------
6, 

-----------------------------------------------------------------
