Selected-----------------------------------------------------------------
12, 52, 89, 104, 106, 213, 241, 330, 363, 365, 394, 399, 577, 584, 592, 

Starting-----------------------------------------------------------------
12, 104, 106, 241, 330, 363, 365, 394, 399, 577, 592, 

Captain-----------------------------------------------------------------
330, 

Vice-Captain-----------------------------------------------------------------
106, 

Substitutes-----------------------------------------------------------------
584, 213, 89, 

Remaining budget-----------------------------------------------------------------
PREVIOUS GW: 4.3e+06
THIS GW: 300000

Sold-----------------------------------------------------------------
75, 308, 455, 557, 

Bought-----------------------------------------------------------------
104, 363, 399, 577, 

Number of illegal transfers--------------------------------------------------------------
3, 

-----------------------------------------------------------------
