Selected-----------------------------------------------------------------
1, 12, 104, 106, 127, 234, 271, 300, 397, 481, 484, 520, 558, 583, 598, 

Starting-----------------------------------------------------------------
1, 104, 106, 127, 300, 481, 484, 520, 558, 583, 598, 

Captain-----------------------------------------------------------------
558, 

Vice-Captain-----------------------------------------------------------------
104, 

Substitutes-----------------------------------------------------------------
397, 234, 271, 

Remaining budget-----------------------------------------------------------------
PREVIOUS GW: 6.1e+06
THIS GW: 6.3e+06

Sold-----------------------------------------------------------------
48, 90, 415, 536, 548, 610, 

Bought-----------------------------------------------------------------
1, 104, 300, 520, 558, 598, 

Number of illegal transfers--------------------------------------------------------------
5, 

-----------------------------------------------------------------
