Selected-----------------------------------------------------------------
12, 48, 127, 176, 234, 249, 259, 428, 481, 484, 520, 536, 548, 583, 607, 

Starting-----------------------------------------------------------------
12, 127, 176, 234, 428, 481, 484, 520, 536, 548, 583, 

Captain-----------------------------------------------------------------
481, 

Vice-Captain-----------------------------------------------------------------
484, 

Substitutes-----------------------------------------------------------------
607, 249, 259, 

Remaining budget-----------------------------------------------------------------
PREVIOUS GW: 600000
THIS GW: 3.1e+06

Sold-----------------------------------------------------------------
106, 167, 352, 606, 

Bought-----------------------------------------------------------------
176, 234, 536, 548, 

Number of illegal transfers--------------------------------------------------------------
3, 

-----------------------------------------------------------------
