Selected-----------------------------------------------------------------
9, 30, 79, 164, 186, 240, 252, 281, 352, 394, 481, 484, 549, 576, 584, 

Starting-----------------------------------------------------------------
9, 79, 240, 252, 281, 352, 481, 484, 549, 576, 584, 

Captain-----------------------------------------------------------------
481, 

Vice-Captain-----------------------------------------------------------------
484, 

Substitutes-----------------------------------------------------------------
394, 186, 164, 

Remaining budget-----------------------------------------------------------------
PREVIOUS GW: 6.3e+06
THIS GW: 5.2e+06

Sold-----------------------------------------------------------------
125, 128, 386, 402, 

Bought-----------------------------------------------------------------
79, 240, 281, 484, 

Number of illegal transfers--------------------------------------------------------------
3, 

-----------------------------------------------------------------
