Selected-----------------------------------------------------------------
52, 54, 75, 89, 164, 198, 267, 365, 406, 428, 455, 512, 584, 592, 610, 

Starting-----------------------------------------------------------------
54, 75, 164, 198, 267, 365, 406, 428, 455, 512, 592, 

Captain-----------------------------------------------------------------
428, 

Vice-Captain-----------------------------------------------------------------
512, 

Substitutes-----------------------------------------------------------------
584, 89, 610, 

Remaining budget-----------------------------------------------------------------
PREVIOUS GW: 400000
THIS GW: 300000

Sold-----------------------------------------------------------------
128, 132, 176, 186, 489, 495, 522, 557, 

Bought-----------------------------------------------------------------
75, 164, 198, 267, 428, 455, 512, 592, 

Number of illegal transfers--------------------------------------------------------------
7, 

-----------------------------------------------------------------
