Selected-----------------------------------------------------------------
9, 12, 131, 177, 203, 205, 252, 350, 394, 481, 484, 489, 549, 581, 584, 

Starting-----------------------------------------------------------------
12, 131, 177, 205, 350, 394, 481, 484, 489, 549, 581, 

Captain-----------------------------------------------------------------
489, 

Vice-Captain-----------------------------------------------------------------
481, 

Substitutes-----------------------------------------------------------------
584, 203, 252, 

Remaining budget-----------------------------------------------------------------
PREVIOUS GW: 3e+06
THIS GW: 7e+06

Sold-----------------------------------------------------------------
54, 79, 330, 352, 

Bought-----------------------------------------------------------------
12, 177, 350, 489, 

Number of illegal transfers--------------------------------------------------------------
3, 

-----------------------------------------------------------------
