Selected-----------------------------------------------------------------
18, 48, 90, 104, 105, 234, 271, 352, 397, 405, 481, 484, 579, 583, 607, 

Starting-----------------------------------------------------------------
48, 105, 234, 271, 352, 397, 405, 481, 484, 579, 583, 

Captain-----------------------------------------------------------------
481, 

Vice-Captain-----------------------------------------------------------------
484, 

Substitutes-----------------------------------------------------------------
104, 90, 607, 

Remaining budget-----------------------------------------------------------------
PREVIOUS GW: 1.9e+06
THIS GW: 4.4e+06

Sold-----------------------------------------------------------------
179, 249, 399, 428, 

Bought-----------------------------------------------------------------
234, 271, 405, 481, 

Number of illegal transfers--------------------------------------------------------------
3, 

-----------------------------------------------------------------
