Selected-----------------------------------------------------------------
23, 50, 96, 100, 174, 186, 269, 386, 405, 415, 421, 489, 567, 575, 586, 

Starting-----------------------------------------------------------------
23, 174, 186, 269, 386, 405, 421, 489, 567, 575, 586, 

Captain-----------------------------------------------------------------
405, 

Vice-Captain-----------------------------------------------------------------
174, 

Substitutes-----------------------------------------------------------------
415, 96, 100, 

Remaining budget-----------------------------------------------------------------
PREVIOUS GW: 1e+06
THIS GW: 6.5e+06

Sold-----------------------------------------------------------------
8, 282, 400, 592, 606, 

Bought-----------------------------------------------------------------
23, 386, 405, 567, 575, 

Number of illegal transfers--------------------------------------------------------------
4, 

-----------------------------------------------------------------
