Selected-----------------------------------------------------------------
12, 48, 104, 105, 106, 176, 271, 352, 397, 415, 481, 484, 583, 606, 615, 

Starting-----------------------------------------------------------------
12, 105, 106, 271, 397, 415, 481, 484, 583, 606, 615, 

Captain-----------------------------------------------------------------
481, 

Vice-Captain-----------------------------------------------------------------
415, 

Substitutes-----------------------------------------------------------------
104, 352, 176, 

Remaining budget-----------------------------------------------------------------
PREVIOUS GW: 2e+06
THIS GW: 500000

Sold-----------------------------------------------------------------
241, 363, 428, 579, 

Bought-----------------------------------------------------------------
271, 415, 481, 606, 

Number of illegal transfers--------------------------------------------------------------
3, 

-----------------------------------------------------------------
