Selected-----------------------------------------------------------------
25, 48, 75, 89, 92, 164, 176, 365, 394, 428, 455, 495, 557, 575, 584, 

Starting-----------------------------------------------------------------
25, 75, 164, 176, 365, 394, 428, 455, 495, 557, 584, 

Captain-----------------------------------------------------------------
584, 

Vice-Captain-----------------------------------------------------------------
455, 

Substitutes-----------------------------------------------------------------
92, 89, 575, 

Remaining budget-----------------------------------------------------------------
PREVIOUS GW: 1.2e+06
THIS GW: 1.6e+06

Sold-----------------------------------------------------------------
12, 155, 397, 522, 551, 

Bought-----------------------------------------------------------------
25, 176, 455, 495, 584, 

Number of illegal transfers--------------------------------------------------------------
4, 

-----------------------------------------------------------------
