Selected-----------------------------------------------------------------
8, 37, 74, 75, 79, 104, 251, 330, 394, 400, 463, 501, 551, 566, 606, 

Starting-----------------------------------------------------------------
8, 75, 79, 104, 251, 330, 394, 400, 501, 551, 566, 505, 567, 584, 620, 

Captain-----------------------------------------------------------------
330, 

Vice-Captain-----------------------------------------------------------------
551, 

Substitutes-----------------------------------------------------------------
74, 463, 606, 

Remaining budget-----------------------------------------------------------------
4.8e+06, 

Sold-----------------------------------------------------------------
96, 105, 127, 144, 282, 406, 545, 279, 372, 386, 427, 505, 567, 584, 620, 

Bought-----------------------------------------------------------------
75, 79, 104, 251, 394, 501, 551, 286, 329, 400, 440, 458, 559, 577, 582, 

Number of illegal transfers--------------------------------------------------------------
6, 

Wildcard used-----------------------------------------------------------------
0, 

Triple captain used-----------------------------------------------------------------
0, 

Bench boost used-----------------------------------------------------------------
0, 

Free hit used-----------------------------------------------------------------
0, 

-----------------------------------------------------------------
