Selected-----------------------------------------------------------------
37, 52, 92, 104, 105, 158, 211, 352, 397, 428, 484, 510, 557, 579, 583, 

Starting-----------------------------------------------------------------
37, 104, 105, 158, 352, 397, 428, 484, 557, 579, 583, 

Captain-----------------------------------------------------------------
105, 

Vice-Captain-----------------------------------------------------------------
397, 

Substitutes-----------------------------------------------------------------
92, 510, 211, 

Remaining budget-----------------------------------------------------------------
PREVIOUS GW: 4.7e+06
THIS GW: 1.3e+06

Sold-----------------------------------------------------------------
48, 163, 520, 561, 606, 

Bought-----------------------------------------------------------------
37, 105, 397, 579, 583, 

Number of illegal transfers--------------------------------------------------------------
4, 

-----------------------------------------------------------------
