Selected-----------------------------------------------------------------
48, 66, 92, 105, 106, 234, 271, 352, 397, 399, 415, 481, 583, 606, 615, 

Starting-----------------------------------------------------------------
66, 92, 105, 106, 234, 271, 397, 415, 481, 583, 606, 

Captain-----------------------------------------------------------------
481, 

Vice-Captain-----------------------------------------------------------------
415, 

Substitutes-----------------------------------------------------------------
615, 399, 352, 

Remaining budget-----------------------------------------------------------------
PREVIOUS GW: 1.3e+06
THIS GW: 900000

Sold-----------------------------------------------------------------
12, 104, 211, 428, 484, 579, 

Bought-----------------------------------------------------------------
66, 234, 271, 415, 481, 606, 

Number of illegal transfers--------------------------------------------------------------
5, 

-----------------------------------------------------------------
