Selected-----------------------------------------------------------------
12, 48, 92, 104, 106, 127, 176, 300, 352, 397, 481, 484, 548, 558, 598, 

Starting-----------------------------------------------------------------
48, 92, 104, 106, 127, 300, 481, 484, 548, 558, 598, 

Captain-----------------------------------------------------------------
558, 

Vice-Captain-----------------------------------------------------------------
300, 

Substitutes-----------------------------------------------------------------
397, 176, 352, 

Remaining budget-----------------------------------------------------------------
PREVIOUS GW: 4.6e+06
THIS GW: 1.13e+07

Sold-----------------------------------------------------------------
105, 271, 415, 583, 610, 

Bought-----------------------------------------------------------------
92, 104, 300, 558, 598, 

Number of illegal transfers--------------------------------------------------------------
4, 

-----------------------------------------------------------------
