Selected-----------------------------------------------------------------
12, 48, 105, 106, 176, 211, 241, 352, 363, 397, 428, 520, 548, 557, 583, 

Starting-----------------------------------------------------------------
12, 105, 106, 176, 241, 352, 363, 397, 428, 557, 583, 

Captain-----------------------------------------------------------------
105, 

Vice-Captain-----------------------------------------------------------------
397, 

Substitutes-----------------------------------------------------------------
520, 548, 211, 

Remaining budget-----------------------------------------------------------------
PREVIOUS GW: 1e+06
THIS GW: 700000

Sold-----------------------------------------------------------------
89, 164, 484, 606, 

Bought-----------------------------------------------------------------
105, 106, 397, 583, 

Number of illegal transfers--------------------------------------------------------------
3, 

-----------------------------------------------------------------
