Total expected points: 452.932
Selected-----------------------------------------------------------------
12, 30, 132, 176, 178, 229, 237, 428, 472, 495, 522, 536, 548, 549, 584, 

Starting-----------------------------------------------------------------
30, 132, 176, 178, 428, 472, 495, 522, 536, 548, 584, 

Captain-----------------------------------------------------------------
495, 

Vice-Captain-----------------------------------------------------------------
522, 

Substitutes-----------------------------------------------------------------
229, 237, 549, 

Remaining budget-----------------------------------------------------------------
6.7e+06, 

-----------------------------------------------------------------
