Selected-----------------------------------------------------------------
9, 30, 79, 131, 203, 205, 265, 350, 394, 481, 484, 489, 549, 577, 581, 

Starting-----------------------------------------------------------------
9, 131, 205, 265, 350, 394, 481, 484, 489, 549, 577, 

Captain-----------------------------------------------------------------
489, 

Vice-Captain-----------------------------------------------------------------
481, 

Substitutes-----------------------------------------------------------------
581, 203, 79, 

Remaining budget-----------------------------------------------------------------
PREVIOUS GW: 4.8e+06
THIS GW: 1.06e+07

Sold-----------------------------------------------------------------
259, 330, 352, 584, 

Bought-----------------------------------------------------------------
265, 350, 489, 577, 

Number of illegal transfers--------------------------------------------------------------
3, 

-----------------------------------------------------------------
