Selected-----------------------------------------------------------------
35, 52, 89, 128, 164, 198, 259, 365, 415, 428, 489, 512, 548, 584, 610, 

Starting-----------------------------------------------------------------
35, 128, 164, 198, 365, 415, 428, 489, 512, 548, 584, 

Captain-----------------------------------------------------------------
428, 

Vice-Captain-----------------------------------------------------------------
512, 

Substitutes-----------------------------------------------------------------
89, 259, 610, 

Remaining budget-----------------------------------------------------------------
PREVIOUS GW: 1e+06
THIS GW: 200000

Sold-----------------------------------------------------------------
37, 186, 265, 522, 

Bought-----------------------------------------------------------------
35, 164, 198, 512, 

Number of illegal transfers--------------------------------------------------------------
3, 

-----------------------------------------------------------------
