Selected-----------------------------------------------------------------
35, 52, 75, 155, 164, 198, 212, 365, 406, 415, 455, 512, 577, 584, 621, 

Starting-----------------------------------------------------------------
35, 75, 164, 198, 365, 406, 415, 455, 512, 577, 584, 

Captain-----------------------------------------------------------------
75, 

Vice-Captain-----------------------------------------------------------------
365, 

Substitutes-----------------------------------------------------------------
155, 212, 621, 

Remaining budget-----------------------------------------------------------------
PREVIOUS GW: 4.4e+06
THIS GW: 2.5e+06

Sold-----------------------------------------------------------------
25, 176, 259, 495, 522, 548, 

Bought-----------------------------------------------------------------
35, 164, 198, 455, 512, 577, 

Number of illegal transfers--------------------------------------------------------------
5, 

-----------------------------------------------------------------
