Selected-----------------------------------------------------------------
35, 52, 75, 164, 176, 221, 259, 365, 415, 428, 495, 512, 548, 577, 584, 

Starting-----------------------------------------------------------------
35, 75, 164, 176, 365, 415, 428, 495, 512, 577, 584, 

Captain-----------------------------------------------------------------
75, 

Vice-Captain-----------------------------------------------------------------
365, 

Substitutes-----------------------------------------------------------------
548, 259, 221, 

Remaining budget-----------------------------------------------------------------
PREVIOUS GW: 6.7e+06
THIS GW: 0

Sold-----------------------------------------------------------------
25, 131, 155, 361, 522, 536, 576, 

Bought-----------------------------------------------------------------
35, 75, 164, 365, 428, 512, 577, 

Number of illegal transfers--------------------------------------------------------------
6, 

-----------------------------------------------------------------
