Selected-----------------------------------------------------------------
24, 44, 79, 131, 186, 205, 252, 281, 330, 352, 481, 484, 549, 581, 584, 

Starting-----------------------------------------------------------------
44, 79, 131, 205, 281, 330, 352, 481, 484, 581, 584, 

Captain-----------------------------------------------------------------
330, 

Vice-Captain-----------------------------------------------------------------
131, 

Substitutes-----------------------------------------------------------------
549, 252, 186, 

Remaining budget-----------------------------------------------------------------
PREVIOUS GW: 8.8e+06
THIS GW: 1.3e+06

Sold-----------------------------------------------------------------
30, 164, 386, 547, 

Bought-----------------------------------------------------------------
44, 205, 330, 581, 

Number of illegal transfers--------------------------------------------------------------
3, 

-----------------------------------------------------------------
