Selected-----------------------------------------------------------------
48, 58, 121, 131, 205, 252, 259, 330, 394, 481, 484, 489, 576, 577, 581, 

Starting-----------------------------------------------------------------
58, 131, 205, 259, 330, 394, 481, 484, 489, 577, 581, 

Captain-----------------------------------------------------------------
489, 

Vice-Captain-----------------------------------------------------------------
481, 

Substitutes-----------------------------------------------------------------
576, 252, 121, 

Remaining budget-----------------------------------------------------------------
PREVIOUS GW: 600000
THIS GW: 500000

Sold-----------------------------------------------------------------
24, 363, 531, 584, 

Bought-----------------------------------------------------------------
58, 394, 489, 577, 

Number of illegal transfers--------------------------------------------------------------
3, 

-----------------------------------------------------------------
