Selected-----------------------------------------------------------------
12, 48, 106, 136, 167, 249, 259, 330, 344, 363, 399, 428, 557, 577, 592, 

Starting-----------------------------------------------------------------
12, 106, 167, 249, 330, 363, 399, 428, 557, 577, 592, 

Captain-----------------------------------------------------------------
330, 

Vice-Captain-----------------------------------------------------------------
428, 

Substitutes-----------------------------------------------------------------
344, 259, 136, 

Remaining budget-----------------------------------------------------------------
PREVIOUS GW: 2.5e+06
THIS GW: 500000

Sold-----------------------------------------------------------------
164, 271, 455, 520, 548, 

Bought-----------------------------------------------------------------
136, 249, 363, 399, 592, 

Number of illegal transfers--------------------------------------------------------------
4, 

-----------------------------------------------------------------
