Selected-----------------------------------------------------------------
23, 37, 104, 105, 106, 167, 211, 352, 397, 399, 428, 510, 561, 579, 583, 

Starting-----------------------------------------------------------------
37, 104, 105, 106, 167, 352, 397, 399, 428, 579, 583, 

Captain-----------------------------------------------------------------
105, 

Vice-Captain-----------------------------------------------------------------
397, 

Substitutes-----------------------------------------------------------------
561, 510, 211, 

Remaining budget-----------------------------------------------------------------
PREVIOUS GW: 4.1e+06
THIS GW: 1.8e+06

Sold-----------------------------------------------------------------
48, 124, 127, 176, 484, 520, 557, 606, 

Bought-----------------------------------------------------------------
37, 105, 106, 167, 397, 399, 579, 583, 

Number of illegal transfers--------------------------------------------------------------
7, 

-----------------------------------------------------------------
