Selected-----------------------------------------------------------------
18, 48, 104, 127, 128, 176, 259, 363, 415, 481, 484, 522, 606, 608, 610, 

Starting-----------------------------------------------------------------
48, 128, 176, 259, 363, 415, 481, 484, 522, 606, 608, 

Captain-----------------------------------------------------------------
481, 

Vice-Captain-----------------------------------------------------------------
606, 

Substitutes-----------------------------------------------------------------
104, 127, 610, 

Remaining budget-----------------------------------------------------------------
PREVIOUS GW: 0
THIS GW: 1.6e+06

Sold-----------------------------------------------------------------
106, 510, 583, 584, 

Bought-----------------------------------------------------------------
259, 415, 606, 608, 

Number of illegal transfers--------------------------------------------------------------
3, 

-----------------------------------------------------------------
