Selected-----------------------------------------------------------------
23, 48, 104, 158, 211, 241, 259, 352, 363, 428, 484, 520, 557, 561, 606, 

Starting-----------------------------------------------------------------
48, 104, 211, 259, 352, 428, 484, 520, 557, 561, 606, 

Captain-----------------------------------------------------------------
484, 

Vice-Captain-----------------------------------------------------------------
352, 

Substitutes-----------------------------------------------------------------
363, 158, 241, 

Remaining budget-----------------------------------------------------------------
PREVIOUS GW: 500000
THIS GW: 3.2e+06

Sold-----------------------------------------------------------------
12, 163, 330, 519, 548, 

Bought-----------------------------------------------------------------
48, 211, 352, 484, 561, 

Number of illegal transfers--------------------------------------------------------------
4, 

-----------------------------------------------------------------
