Selected-----------------------------------------------------------------
24, 48, 92, 104, 106, 127, 158, 300, 397, 481, 484, 520, 548, 558, 598, 

Starting-----------------------------------------------------------------
24, 92, 104, 127, 300, 481, 484, 520, 548, 558, 598, 

Captain-----------------------------------------------------------------
558, 

Vice-Captain-----------------------------------------------------------------
300, 

Substitutes-----------------------------------------------------------------
106, 397, 158, 

Remaining budget-----------------------------------------------------------------
PREVIOUS GW: 2.6e+06
THIS GW: 1.22e+07

Sold-----------------------------------------------------------------
271, 415, 427, 583, 610, 

Bought-----------------------------------------------------------------
92, 300, 520, 558, 598, 

Number of illegal transfers--------------------------------------------------------------
4, 

-----------------------------------------------------------------
