Selected-----------------------------------------------------------------
16, 32, 75, 90, 104, 155, 241, 330, 399, 428, 455, 520, 548, 557, 577, 

Starting-----------------------------------------------------------------
32, 75, 90, 104, 330, 399, 428, 520, 548, 557, 577, 

Captain-----------------------------------------------------------------
428, 

Vice-Captain-----------------------------------------------------------------
557, 

Substitutes-----------------------------------------------------------------
155, 455, 241, 

Remaining budget-----------------------------------------------------------------
PREVIOUS GW: 900000
THIS GW: 100000

Sold-----------------------------------------------------------------
35, 106, 308, 581, 

Bought-----------------------------------------------------------------
32, 90, 428, 557, 

Number of illegal transfers--------------------------------------------------------------
3, 

-----------------------------------------------------------------
