Selected-----------------------------------------------------------------
48, 52, 106, 127, 167, 210, 241, 352, 428, 481, 484, 520, 552, 583, 606, 

Starting-----------------------------------------------------------------
48, 106, 127, 210, 352, 428, 481, 484, 520, 583, 606, 

Captain-----------------------------------------------------------------
484, 

Vice-Captain-----------------------------------------------------------------
481, 

Substitutes-----------------------------------------------------------------
167, 552, 241, 

Remaining budget-----------------------------------------------------------------
PREVIOUS GW: 2.3e+06
THIS GW: 2e+06

Sold-----------------------------------------------------------------
18, 104, 363, 397, 399, 579, 

Bought-----------------------------------------------------------------
48, 127, 481, 484, 520, 606, 

Number of illegal transfers--------------------------------------------------------------
5, 

-----------------------------------------------------------------
