Selected-----------------------------------------------------------------
12, 23, 75, 89, 106, 164, 221, 365, 394, 399, 428, 455, 548, 557, 592, 

Starting-----------------------------------------------------------------
12, 75, 106, 164, 365, 394, 399, 428, 548, 557, 592, 

Captain-----------------------------------------------------------------
428, 

Vice-Captain-----------------------------------------------------------------
557, 

Substitutes-----------------------------------------------------------------
455, 89, 221, 

Remaining budget-----------------------------------------------------------------
PREVIOUS GW: 1.3e+06
THIS GW: 500000

Sold-----------------------------------------------------------------
406, 489, 520, 584, 

Bought-----------------------------------------------------------------
365, 399, 428, 592, 

Number of illegal transfers--------------------------------------------------------------
3, 

-----------------------------------------------------------------
