Selected-----------------------------------------------------------------
15, 25, 75, 92, 106, 164, 241, 308, 330, 365, 412, 455, 548, 557, 584, 

Starting-----------------------------------------------------------------
25, 92, 106, 241, 308, 330, 365, 412, 455, 557, 584, 

Captain-----------------------------------------------------------------
330, 

Vice-Captain-----------------------------------------------------------------
106, 

Substitutes-----------------------------------------------------------------
75, 548, 164, 

Remaining budget-----------------------------------------------------------------
PREVIOUS GW: 6.3e+06
THIS GW: 3.8e+06

Sold-----------------------------------------------------------------
198, 267, 463, 512, 

Bought-----------------------------------------------------------------
92, 106, 330, 412, 

Number of illegal transfers--------------------------------------------------------------
3, 

-----------------------------------------------------------------
