Selected-----------------------------------------------------------------
52, 54, 75, 106, 164, 176, 241, 394, 455, 489, 495, 512, 557, 584, 621, 

Starting-----------------------------------------------------------------
54, 106, 176, 241, 394, 455, 489, 495, 512, 557, 584, 

Captain-----------------------------------------------------------------
584, 

Vice-Captain-----------------------------------------------------------------
455, 

Substitutes-----------------------------------------------------------------
75, 164, 621, 

Remaining budget-----------------------------------------------------------------
PREVIOUS GW: 2.6e+06
THIS GW: 5.7e+06

Sold-----------------------------------------------------------------
12, 89, 92, 365, 428, 

Bought-----------------------------------------------------------------
54, 176, 241, 489, 512, 

Number of illegal transfers--------------------------------------------------------------
4, 

-----------------------------------------------------------------
