Selected-----------------------------------------------------------------
48, 66, 105, 106, 211, 234, 271, 397, 415, 427, 481, 520, 579, 583, 606, 

Starting-----------------------------------------------------------------
66, 106, 234, 271, 397, 415, 427, 481, 520, 583, 606, 

Captain-----------------------------------------------------------------
481, 

Vice-Captain-----------------------------------------------------------------
415, 

Substitutes-----------------------------------------------------------------
105, 579, 211, 

Remaining budget-----------------------------------------------------------------
PREVIOUS GW: 200000
THIS GW: 1.8e+06

Sold-----------------------------------------------------------------
12, 104, 167, 428, 484, 510, 561, 

Bought-----------------------------------------------------------------
66, 234, 271, 415, 481, 520, 606, 

Number of illegal transfers--------------------------------------------------------------
6, 

-----------------------------------------------------------------
