Selected-----------------------------------------------------------------
44, 48, 92, 127, 167, 241, 259, 352, 428, 481, 484, 520, 579, 583, 606, 

Starting-----------------------------------------------------------------
48, 92, 127, 167, 352, 428, 481, 484, 520, 583, 606, 

Captain-----------------------------------------------------------------
484, 

Vice-Captain-----------------------------------------------------------------
481, 

Substitutes-----------------------------------------------------------------
579, 259, 241, 

Remaining budget-----------------------------------------------------------------
PREVIOUS GW: 100000
THIS GW: -2.32831e-10

Sold-----------------------------------------------------------------
104, 105, 363, 399, 607, 

Bought-----------------------------------------------------------------
92, 127, 481, 520, 606, 

Number of illegal transfers--------------------------------------------------------------
4, 

-----------------------------------------------------------------
