Selected-----------------------------------------------------------------
44, 48, 75, 132, 164, 176, 212, 365, 415, 428, 455, 495, 548, 557, 584, 

Starting-----------------------------------------------------------------
44, 75, 164, 176, 365, 415, 428, 455, 495, 557, 584, 

Captain-----------------------------------------------------------------
428, 

Vice-Captain-----------------------------------------------------------------
75, 

Substitutes-----------------------------------------------------------------
548, 132, 212, 

Remaining budget-----------------------------------------------------------------
PREVIOUS GW: 6.9e+06
THIS GW: 0

Sold-----------------------------------------------------------------
30, 178, 229, 472, 522, 536, 608, 

Bought-----------------------------------------------------------------
44, 75, 164, 365, 415, 455, 557, 

Number of illegal transfers--------------------------------------------------------------
6, 

-----------------------------------------------------------------
