Selected-----------------------------------------------------------------
12, 18, 93, 104, 137, 211, 271, 300, 330, 412, 428, 489, 577, 592, 606, 

Starting-----------------------------------------------------------------
18, 104, 137, 211, 300, 330, 412, 428, 489, 577, 606, 

Captain-----------------------------------------------------------------
330, 

Vice-Captain-----------------------------------------------------------------
606, 

Substitutes-----------------------------------------------------------------
592, 271, 93, 

Remaining budget-----------------------------------------------------------------
PREVIOUS GW: 200000
THIS GW: 0

Sold-----------------------------------------------------------------
106, 344, 581, 584, 

Bought-----------------------------------------------------------------
211, 330, 577, 606, 

Number of illegal transfers--------------------------------------------------------------
3, 

-----------------------------------------------------------------
