Selected-----------------------------------------------------------------
48, 58, 104, 105, 212, 249, 267, 352, 397, 428, 484, 510, 557, 579, 583, 

Starting-----------------------------------------------------------------
48, 104, 105, 267, 352, 397, 428, 484, 557, 579, 583, 

Captain-----------------------------------------------------------------
428, 

Vice-Captain-----------------------------------------------------------------
583, 

Substitutes-----------------------------------------------------------------
510, 249, 212, 

Remaining budget-----------------------------------------------------------------
PREVIOUS GW: 7.7e+06
THIS GW: 1.8e+06

Sold-----------------------------------------------------------------
259, 520, 548, 561, 

Bought-----------------------------------------------------------------
105, 397, 579, 583, 

Number of illegal transfers--------------------------------------------------------------
3, 

-----------------------------------------------------------------
