Selected-----------------------------------------------------------------
24, 52, 104, 106, 127, 128, 186, 277, 415, 428, 481, 522, 548, 552, 583, 

Starting-----------------------------------------------------------------
24, 104, 128, 186, 277, 428, 481, 522, 548, 552, 583, 

Captain-----------------------------------------------------------------
583, 

Vice-Captain-----------------------------------------------------------------
548, 

Substitutes-----------------------------------------------------------------
127, 106, 415, 

Remaining budget-----------------------------------------------------------------
PREVIOUS GW: 1.9e+06
THIS GW: 100000

Sold-----------------------------------------------------------------
176, 397, 484, 606, 

Bought-----------------------------------------------------------------
186, 277, 428, 583, 

Number of illegal transfers--------------------------------------------------------------
3, 

-----------------------------------------------------------------
