Selected-----------------------------------------------------------------
16, 48, 75, 89, 167, 210, 221, 330, 352, 428, 455, 520, 557, 592, 616, 

Starting-----------------------------------------------------------------
48, 75, 167, 210, 330, 352, 428, 455, 520, 557, 592, 

Captain-----------------------------------------------------------------
520, 

Vice-Captain-----------------------------------------------------------------
455, 

Substitutes-----------------------------------------------------------------
616, 89, 221, 

Remaining budget-----------------------------------------------------------------
PREVIOUS GW: 600000
THIS GW: 8e+06

Sold-----------------------------------------------------------------
12, 164, 365, 394, 

Bought-----------------------------------------------------------------
48, 210, 352, 520, 

Number of illegal transfers--------------------------------------------------------------
3, 

-----------------------------------------------------------------
