Selected-----------------------------------------------------------------
25, 48, 92, 104, 105, 106, 164, 352, 397, 428, 484, 520, 561, 579, 583, 

Starting-----------------------------------------------------------------
48, 92, 104, 105, 106, 352, 397, 428, 484, 579, 583, 

Captain-----------------------------------------------------------------
105, 

Vice-Captain-----------------------------------------------------------------
397, 

Substitutes-----------------------------------------------------------------
164, 561, 520, 

Remaining budget-----------------------------------------------------------------
PREVIOUS GW: 2e+06
THIS GW: 1.2e+06

Sold-----------------------------------------------------------------
211, 519, 557, 606, 

Bought-----------------------------------------------------------------
105, 397, 579, 583, 

Number of illegal transfers--------------------------------------------------------------
3, 

-----------------------------------------------------------------
