Selected-----------------------------------------------------------------
12, 48, 104, 106, 127, 128, 176, 300, 406, 481, 484, 520, 558, 598, 606, 

Starting-----------------------------------------------------------------
12, 104, 106, 127, 128, 176, 406, 481, 484, 598, 606, 

Captain-----------------------------------------------------------------
128, 

Vice-Captain-----------------------------------------------------------------
481, 

Substitutes-----------------------------------------------------------------
520, 300, 558, 

Remaining budget-----------------------------------------------------------------
PREVIOUS GW: 4.2e+06
THIS GW: 3.6e+06

Sold-----------------------------------------------------------------
105, 234, 428, 536, 583, 

Bought-----------------------------------------------------------------
128, 176, 406, 484, 606, 

Number of illegal transfers--------------------------------------------------------------
4, 

-----------------------------------------------------------------
