Selected-----------------------------------------------------------------
1, 23, 78, 104, 106, 171, 265, 284, 307, 406, 481, 484, 549, 561, 581, 

Starting-----------------------------------------------------------------
1, 78, 104, 106, 171, 265, 284, 307, 406, 549, 561, 

Captain-----------------------------------------------------------------
1, 

Vice-Captain-----------------------------------------------------------------
106, 

Substitutes-----------------------------------------------------------------
581, 484, 481, 

Remaining budget-----------------------------------------------------------------
PREVIOUS GW: 1.48e+07
THIS GW: 5e+06

Sold-----------------------------------------------------------------
30, 131, 154, 237, 338, 350, 

Bought-----------------------------------------------------------------
1, 78, 104, 106, 284, 406, 

Number of illegal transfers--------------------------------------------------------------
5, 

-----------------------------------------------------------------
