Selected-----------------------------------------------------------------
52, 54, 75, 89, 164, 241, 267, 308, 365, 455, 489, 512, 557, 584, 592, 

Starting-----------------------------------------------------------------
54, 75, 241, 267, 308, 365, 455, 512, 557, 584, 592, 

Captain-----------------------------------------------------------------
455, 

Vice-Captain-----------------------------------------------------------------
241, 

Substitutes-----------------------------------------------------------------
489, 164, 89, 

Remaining budget-----------------------------------------------------------------
PREVIOUS GW: 600000
THIS GW: 6.4e+06

Sold-----------------------------------------------------------------
198, 394, 428, 610, 

Bought-----------------------------------------------------------------
241, 455, 512, 584, 

Number of illegal transfers--------------------------------------------------------------
3, 

-----------------------------------------------------------------
