Selected-----------------------------------------------------------------
24, 48, 92, 104, 127, 128, 186, 363, 428, 481, 522, 536, 548, 583, 598, 

Starting-----------------------------------------------------------------
48, 104, 128, 186, 363, 428, 481, 536, 548, 583, 598, 

Captain-----------------------------------------------------------------
548, 

Vice-Captain-----------------------------------------------------------------
598, 

Substitutes-----------------------------------------------------------------
522, 127, 92, 

Remaining budget-----------------------------------------------------------------
PREVIOUS GW: 100000
THIS GW: 2.8e+06

Sold-----------------------------------------------------------------
106, 415, 484, 606, 607, 

Bought-----------------------------------------------------------------
186, 363, 428, 548, 598, 

Number of illegal transfers--------------------------------------------------------------
4, 

-----------------------------------------------------------------
