Selected-----------------------------------------------------------------
30, 54, 105, 106, 167, 249, 259, 352, 399, 428, 484, 520, 548, 557, 579, 

Starting-----------------------------------------------------------------
54, 105, 106, 167, 352, 399, 428, 484, 520, 557, 579, 

Captain-----------------------------------------------------------------
428, 

Vice-Captain-----------------------------------------------------------------
557, 

Substitutes-----------------------------------------------------------------
548, 249, 259, 

Remaining budget-----------------------------------------------------------------
PREVIOUS GW: 700000
THIS GW: 1.9e+06

Sold-----------------------------------------------------------------
132, 210, 330, 577, 

Bought-----------------------------------------------------------------
105, 167, 399, 579, 

Number of illegal transfers--------------------------------------------------------------
3, 

-----------------------------------------------------------------
