Selected-----------------------------------------------------------------
12, 58, 106, 213, 249, 259, 271, 330, 335, 344, 352, 520, 548, 577, 581, 

Starting-----------------------------------------------------------------
12, 106, 249, 259, 330, 344, 352, 520, 548, 577, 581, 

Captain-----------------------------------------------------------------
520, 

Vice-Captain-----------------------------------------------------------------
581, 

Substitutes-----------------------------------------------------------------
335, 213, 271, 

Remaining budget-----------------------------------------------------------------
PREVIOUS GW: 700000
THIS GW: 5.5e+06

Sold-----------------------------------------------------------------
75, 394, 399, 455, 584, 

Bought-----------------------------------------------------------------
259, 344, 352, 520, 581, 

Number of illegal transfers--------------------------------------------------------------
4, 

-----------------------------------------------------------------
