Selected-----------------------------------------------------------------
23, 48, 75, 90, 107, 266, 269, 386, 415, 484, 489, 523, 565, 577, 606, 

Starting-----------------------------------------------------------------
23, 75, 266, 269, 386, 415, 484, 489, 523, 577, 606, 

Captain-----------------------------------------------------------------
606, 

Vice-Captain-----------------------------------------------------------------
489, 

Substitutes-----------------------------------------------------------------
565, 107, 90, 

Remaining budget-----------------------------------------------------------------
PREVIOUS GW: 6.7e+06
THIS GW: 1.3e+06

Sold-----------------------------------------------------------------
106, 394, 400, 421, 570, 

Bought-----------------------------------------------------------------
266, 484, 489, 523, 606, 

Number of illegal transfers--------------------------------------------------------------
4, 

-----------------------------------------------------------------
