Selected-----------------------------------------------------------------
1, 30, 105, 106, 171, 203, 265, 284, 329, 363, 406, 428, 549, 561, 606, 

Starting-----------------------------------------------------------------
1, 105, 106, 203, 284, 329, 363, 406, 428, 549, 606, 

Captain-----------------------------------------------------------------
428, 

Vice-Captain-----------------------------------------------------------------
105, 

Substitutes-----------------------------------------------------------------
171, 265, 561, 

Remaining budget-----------------------------------------------------------------
PREVIOUS GW: 4.8e+06
THIS GW: 3.4e+06

Sold-----------------------------------------------------------------
78, 92, 484, 581, 

Bought-----------------------------------------------------------------
105, 203, 428, 606, 

Number of illegal transfers--------------------------------------------------------------
3, 

-----------------------------------------------------------------
