Selected-----------------------------------------------------------------
20, 30, 104, 128, 176, 186, 259, 363, 394, 399, 481, 522, 549, 584, 606, 

Starting-----------------------------------------------------------------
20, 128, 186, 259, 363, 394, 399, 481, 549, 584, 606, 

Captain-----------------------------------------------------------------
399, 

Vice-Captain-----------------------------------------------------------------
481, 

Substitutes-----------------------------------------------------------------
522, 176, 104, 

Remaining budget-----------------------------------------------------------------
PREVIOUS GW: 4.3e+06
THIS GW: 100000

Sold-----------------------------------------------------------------
24, 326, 335, 576, 

Bought-----------------------------------------------------------------
20, 394, 481, 606, 

Number of illegal transfers--------------------------------------------------------------
3, 

-----------------------------------------------------------------
