Selected-----------------------------------------------------------------
12, 48, 92, 106, 127, 259, 271, 397, 481, 484, 520, 536, 548, 583, 610, 

Starting-----------------------------------------------------------------
12, 92, 127, 271, 481, 484, 520, 536, 548, 583, 610, 

Captain-----------------------------------------------------------------
481, 

Vice-Captain-----------------------------------------------------------------
127, 

Substitutes-----------------------------------------------------------------
397, 106, 259, 

Remaining budget-----------------------------------------------------------------
PREVIOUS GW: 7.2e+06
THIS GW: 9.6e+06

Sold-----------------------------------------------------------------
105, 415, 579, 615, 

Bought-----------------------------------------------------------------
127, 536, 548, 610, 

Number of illegal transfers--------------------------------------------------------------
3, 

-----------------------------------------------------------------
