Selected-----------------------------------------------------------------
37, 48, 103, 104, 106, 186, 259, 352, 400, 428, 484, 520, 545, 552, 584, 

Starting-----------------------------------------------------------------
37, 103, 104, 186, 352, 400, 428, 484, 520, 545, 584, 

Captain-----------------------------------------------------------------
400, 

Vice-Captain-----------------------------------------------------------------
37, 

Substitutes-----------------------------------------------------------------
106, 552, 259, 

Remaining budget-----------------------------------------------------------------
PREVIOUS GW: 1.4e+06
THIS GW: 300000

Sold-----------------------------------------------------------------
12, 167, 249, 399, 557, 583, 

Bought-----------------------------------------------------------------
37, 103, 186, 400, 545, 584, 

Number of illegal transfers--------------------------------------------------------------
5, 

-----------------------------------------------------------------
