Selected-----------------------------------------------------------------
12, 48, 90, 105, 106, 210, 234, 397, 415, 481, 484, 520, 557, 579, 583, 

Starting-----------------------------------------------------------------
48, 90, 105, 106, 234, 397, 415, 481, 484, 520, 583, 

Captain-----------------------------------------------------------------
481, 

Vice-Captain-----------------------------------------------------------------
484, 

Substitutes-----------------------------------------------------------------
210, 579, 557, 

Remaining budget-----------------------------------------------------------------
PREVIOUS GW: 400000
THIS GW: 1.8e+06

Sold-----------------------------------------------------------------
167, 352, 399, 428, 

Bought-----------------------------------------------------------------
234, 415, 481, 484, 

Number of illegal transfers--------------------------------------------------------------
3, 

-----------------------------------------------------------------
