Selected-----------------------------------------------------------------
12, 23, 90, 106, 127, 234, 271, 415, 481, 484, 520, 536, 548, 583, 610, 

Starting-----------------------------------------------------------------
12, 127, 234, 271, 481, 484, 520, 536, 548, 583, 610, 

Captain-----------------------------------------------------------------
481, 

Vice-Captain-----------------------------------------------------------------
127, 

Substitutes-----------------------------------------------------------------
415, 106, 90, 

Remaining budget-----------------------------------------------------------------
PREVIOUS GW: 5e+06
THIS GW: 8.1e+06

Sold-----------------------------------------------------------------
105, 397, 510, 579, 606, 

Bought-----------------------------------------------------------------
127, 484, 536, 548, 610, 

Number of illegal transfers--------------------------------------------------------------
4, 

-----------------------------------------------------------------
