Selected-----------------------------------------------------------------
52, 54, 75, 131, 164, 198, 267, 365, 415, 428, 489, 512, 548, 610, 616, 

Starting-----------------------------------------------------------------
54, 75, 164, 198, 267, 365, 415, 428, 489, 512, 616, 

Captain-----------------------------------------------------------------
428, 

Vice-Captain-----------------------------------------------------------------
512, 

Substitutes-----------------------------------------------------------------
548, 131, 610, 

Remaining budget-----------------------------------------------------------------
PREVIOUS GW: 3.3e+06
THIS GW: 1.3e+06

Sold-----------------------------------------------------------------
89, 128, 178, 265, 495, 522, 584, 

Bought-----------------------------------------------------------------
75, 164, 198, 267, 365, 512, 616, 

Number of illegal transfers--------------------------------------------------------------
6, 

-----------------------------------------------------------------
