Selected-----------------------------------------------------------------
1, 37, 89, 128, 176, 259, 265, 314, 415, 489, 495, 522, 557, 584, 610, 

Starting-----------------------------------------------------------------
1, 89, 128, 176, 314, 415, 489, 495, 522, 557, 584, 

Captain-----------------------------------------------------------------
489, 

Vice-Captain-----------------------------------------------------------------
584, 

Substitutes-----------------------------------------------------------------
610, 259, 265, 

Remaining budget-----------------------------------------------------------------
PREVIOUS GW: 3.8e+06
THIS GW: 3.8e+06

Sold-----------------------------------------------------------------
183, 186, 274, 361, 577, 

Bought-----------------------------------------------------------------
128, 176, 314, 489, 584, 

Number of illegal transfers--------------------------------------------------------------
4, 

-----------------------------------------------------------------
