Selected-----------------------------------------------------------------
24, 30, 127, 128, 176, 222, 259, 335, 363, 394, 399, 481, 549, 584, 606, 

Starting-----------------------------------------------------------------
24, 128, 222, 259, 363, 394, 399, 481, 549, 584, 606, 

Captain-----------------------------------------------------------------
399, 

Vice-Captain-----------------------------------------------------------------
481, 

Substitutes-----------------------------------------------------------------
335, 127, 176, 

Remaining budget-----------------------------------------------------------------
PREVIOUS GW: 5.9e+06
THIS GW: 2.4e+06

Sold-----------------------------------------------------------------
104, 330, 536, 608, 

Bought-----------------------------------------------------------------
222, 394, 481, 606, 

Number of illegal transfers--------------------------------------------------------------
3, 

-----------------------------------------------------------------
