Selected-----------------------------------------------------------------
12, 24, 104, 106, 128, 176, 186, 300, 363, 428, 522, 536, 548, 558, 606, 

Starting-----------------------------------------------------------------
12, 104, 106, 128, 176, 186, 363, 428, 522, 548, 606, 

Captain-----------------------------------------------------------------
363, 

Vice-Captain-----------------------------------------------------------------
186, 

Substitutes-----------------------------------------------------------------
558, 300, 536, 

Remaining budget-----------------------------------------------------------------
PREVIOUS GW: 5.3e+06
THIS GW: 1.1e+06

Sold-----------------------------------------------------------------
48, 127, 481, 484, 520, 

Bought-----------------------------------------------------------------
12, 186, 363, 428, 522, 

Number of illegal transfers--------------------------------------------------------------
4, 

-----------------------------------------------------------------
