Selected-----------------------------------------------------------------
12, 44, 75, 89, 164, 176, 241, 308, 365, 394, 455, 512, 577, 584, 592, 

Starting-----------------------------------------------------------------
44, 75, 176, 241, 308, 365, 394, 455, 512, 584, 592, 

Captain-----------------------------------------------------------------
512, 

Vice-Captain-----------------------------------------------------------------
455, 

Substitutes-----------------------------------------------------------------
164, 577, 89, 

Remaining budget-----------------------------------------------------------------
PREVIOUS GW: 900000
THIS GW: 6.8e+06

Sold-----------------------------------------------------------------
265, 363, 428, 621, 

Bought-----------------------------------------------------------------
241, 455, 512, 592, 

Number of illegal transfers--------------------------------------------------------------
3, 

-----------------------------------------------------------------
