Selected-----------------------------------------------------------------
12, 54, 75, 92, 106, 164, 241, 308, 330, 455, 495, 520, 548, 581, 584, 

Starting-----------------------------------------------------------------
54, 92, 106, 164, 308, 330, 455, 520, 548, 581, 584, 

Captain-----------------------------------------------------------------
455, 

Vice-Captain-----------------------------------------------------------------
548, 

Substitutes-----------------------------------------------------------------
75, 241, 495, 

Remaining budget-----------------------------------------------------------------
PREVIOUS GW: 2.3e+06
THIS GW: 1.9e+06

Sold-----------------------------------------------------------------
365, 394, 557, 621, 

Bought-----------------------------------------------------------------
308, 520, 548, 581, 

Number of illegal transfers--------------------------------------------------------------
3, 

-----------------------------------------------------------------
