Selected-----------------------------------------------------------------
18, 54, 75, 131, 164, 213, 241, 308, 365, 455, 463, 512, 557, 584, 592, 

Starting-----------------------------------------------------------------
54, 75, 213, 241, 308, 455, 463, 512, 557, 584, 592, 

Captain-----------------------------------------------------------------
455, 

Vice-Captain-----------------------------------------------------------------
241, 

Substitutes-----------------------------------------------------------------
365, 164, 131, 

Remaining budget-----------------------------------------------------------------
PREVIOUS GW: 1.5e+06
THIS GW: 5.9e+06

Sold-----------------------------------------------------------------
89, 198, 428, 577, 

Bought-----------------------------------------------------------------
213, 241, 463, 584, 

Number of illegal transfers--------------------------------------------------------------
3, 

-----------------------------------------------------------------
