Selected-----------------------------------------------------------------
52, 58, 75, 106, 237, 241, 249, 315, 330, 352, 399, 520, 548, 557, 581, 

Starting-----------------------------------------------------------------
58, 106, 237, 249, 330, 352, 399, 520, 548, 557, 581, 

Captain-----------------------------------------------------------------
520, 

Vice-Captain-----------------------------------------------------------------
548, 

Substitutes-----------------------------------------------------------------
315, 75, 241, 

Remaining budget-----------------------------------------------------------------
PREVIOUS GW: 200000
THIS GW: 800000

Sold-----------------------------------------------------------------
394, 455, 577, 584, 

Bought-----------------------------------------------------------------
352, 520, 548, 581, 

Number of illegal transfers--------------------------------------------------------------
3, 

-----------------------------------------------------------------
