Selected-----------------------------------------------------------------
28, 38, 104, 177, 187, 232, 245, 279, 286, 427, 484, 490, 553, 559, 582, 

Starting-----------------------------------------------------------------
28, 104, 177, 187, 232, 245, 286, 427, 484, 559, 582, 

Captain-----------------------------------------------------------------
245, 

Vice-Captain-----------------------------------------------------------------
104, 

Substitutes-----------------------------------------------------------------
279, 553, 490, 

Remaining budget-----------------------------------------------------------------
PREVIOUS GW: 800000
THIS GW: 400000

Sold-----------------------------------------------------------------
220, 223, 257, 400, 577, 

Bought-----------------------------------------------------------------
104, 187, 245, 286, 582, 

Number of illegal transfers--------------------------------------------------------------
4, 

-----------------------------------------------------------------
