Selected-----------------------------------------------------------------
12, 35, 89, 104, 106, 164, 241, 330, 352, 365, 519, 520, 548, 577, 606, 

Starting-----------------------------------------------------------------
35, 104, 106, 164, 330, 352, 519, 520, 548, 577, 606, 

Captain-----------------------------------------------------------------
520, 

Vice-Captain-----------------------------------------------------------------
606, 

Substitutes-----------------------------------------------------------------
365, 89, 241, 

Remaining budget-----------------------------------------------------------------
PREVIOUS GW: 4.9e+06
THIS GW: 5e+06

Sold-----------------------------------------------------------------
394, 412, 455, 592, 

Bought-----------------------------------------------------------------
352, 519, 520, 606, 

Number of illegal transfers--------------------------------------------------------------
3, 

-----------------------------------------------------------------
