Selected-----------------------------------------------------------------
16, 24, 104, 106, 128, 176, 186, 300, 326, 330, 363, 428, 548, 584, 598, 

Starting-----------------------------------------------------------------
24, 104, 106, 128, 176, 186, 326, 330, 363, 428, 584, 

Captain-----------------------------------------------------------------
128, 

Vice-Captain-----------------------------------------------------------------
104, 

Substitutes-----------------------------------------------------------------
548, 598, 300, 

Remaining budget-----------------------------------------------------------------
PREVIOUS GW: 4.5e+06
THIS GW: 1.9e+06

Sold-----------------------------------------------------------------
127, 481, 484, 558, 

Bought-----------------------------------------------------------------
106, 326, 330, 584, 

Number of illegal transfers--------------------------------------------------------------
3, 

-----------------------------------------------------------------
