Selected-----------------------------------------------------------------
12, 48, 92, 104, 127, 158, 271, 397, 427, 481, 484, 536, 548, 583, 610, 

Starting-----------------------------------------------------------------
12, 92, 127, 271, 427, 481, 484, 536, 548, 583, 610, 

Captain-----------------------------------------------------------------
481, 

Vice-Captain-----------------------------------------------------------------
127, 

Substitutes-----------------------------------------------------------------
397, 104, 158, 

Remaining budget-----------------------------------------------------------------
PREVIOUS GW: 4.1e+06
THIS GW: 6e+06

Sold-----------------------------------------------------------------
105, 241, 415, 579, 615, 

Bought-----------------------------------------------------------------
92, 127, 536, 548, 610, 

Number of illegal transfers--------------------------------------------------------------
4, 

-----------------------------------------------------------------
