Selected-----------------------------------------------------------------
35, 58, 131, 171, 203, 205, 265, 338, 350, 394, 484, 489, 557, 561, 581, 

Starting-----------------------------------------------------------------
35, 131, 171, 265, 338, 350, 484, 489, 557, 561, 581, 

Captain-----------------------------------------------------------------
131, 

Vice-Captain-----------------------------------------------------------------
171, 

Substitutes-----------------------------------------------------------------
394, 203, 205, 

Remaining budget-----------------------------------------------------------------
PREVIOUS GW: 1.08e+07
THIS GW: 9.2e+06

Sold-----------------------------------------------------------------
9, 252, 481, 549, 577, 

Bought-----------------------------------------------------------------
35, 171, 338, 557, 561, 

Number of illegal transfers--------------------------------------------------------------
4, 

-----------------------------------------------------------------
