Selected-----------------------------------------------------------------
17, 30, 131, 154, 171, 237, 265, 338, 350, 394, 484, 489, 547, 549, 581, 

Starting-----------------------------------------------------------------
30, 131, 154, 171, 237, 265, 394, 484, 489, 549, 581, 

Captain-----------------------------------------------------------------
484, 

Vice-Captain-----------------------------------------------------------------
171, 

Substitutes-----------------------------------------------------------------
547, 338, 350, 

Remaining budget-----------------------------------------------------------------
PREVIOUS GW: 1e+07
THIS GW: 1.39e+07

Sold-----------------------------------------------------------------
205, 252, 259, 584, 

Bought-----------------------------------------------------------------
154, 237, 265, 549, 

Number of illegal transfers--------------------------------------------------------------
3, 

-----------------------------------------------------------------
