Selected-----------------------------------------------------------------
37, 48, 92, 104, 127, 158, 271, 300, 397, 481, 484, 520, 558, 583, 606, 

Starting-----------------------------------------------------------------
48, 92, 104, 127, 300, 481, 484, 520, 558, 583, 606, 

Captain-----------------------------------------------------------------
558, 

Vice-Captain-----------------------------------------------------------------
300, 

Substitutes-----------------------------------------------------------------
397, 158, 271, 

Remaining budget-----------------------------------------------------------------
PREVIOUS GW: 1.4e+06
THIS GW: 2e+06

Sold-----------------------------------------------------------------
241, 249, 415, 427, 610, 

Bought-----------------------------------------------------------------
92, 104, 300, 520, 558, 

Number of illegal transfers--------------------------------------------------------------
4, 

-----------------------------------------------------------------
