Selected-----------------------------------------------------------------
1, 12, 104, 106, 108, 128, 176, 361, 406, 481, 484, 522, 598, 606, 608, 

Starting-----------------------------------------------------------------
12, 104, 106, 108, 128, 176, 361, 406, 481, 606, 608, 

Captain-----------------------------------------------------------------
128, 

Vice-Captain-----------------------------------------------------------------
104, 

Substitutes-----------------------------------------------------------------
484, 598, 522, 

Remaining budget-----------------------------------------------------------------
PREVIOUS GW: 4.5e+06
THIS GW: 1.5e+06

Sold-----------------------------------------------------------------
92, 127, 300, 428, 548, 558, 

Bought-----------------------------------------------------------------
108, 176, 361, 406, 606, 608, 

Number of illegal transfers--------------------------------------------------------------
5, 

-----------------------------------------------------------------
