Selected-----------------------------------------------------------------
24, 48, 125, 131, 203, 205, 252, 281, 330, 386, 481, 484, 547, 549, 584, 

Starting-----------------------------------------------------------------
48, 131, 203, 205, 281, 330, 481, 484, 547, 549, 584, 

Captain-----------------------------------------------------------------
330, 

Vice-Captain-----------------------------------------------------------------
131, 

Substitutes-----------------------------------------------------------------
252, 386, 125, 

Remaining budget-----------------------------------------------------------------
PREVIOUS GW: 4.9e+06
THIS GW: 7.7e+06

Sold-----------------------------------------------------------------
128, 186, 259, 399, 

Bought-----------------------------------------------------------------
131, 203, 205, 330, 

Number of illegal transfers--------------------------------------------------------------
3, 

-----------------------------------------------------------------
