Selected-----------------------------------------------------------------
12, 44, 90, 105, 176, 234, 271, 352, 397, 405, 481, 484, 557, 579, 583, 

Starting-----------------------------------------------------------------
12, 105, 234, 271, 352, 397, 405, 481, 484, 579, 583, 

Captain-----------------------------------------------------------------
481, 

Vice-Captain-----------------------------------------------------------------
484, 

Substitutes-----------------------------------------------------------------
176, 90, 557, 

Remaining budget-----------------------------------------------------------------
PREVIOUS GW: 800000
THIS GW: 300000

Sold-----------------------------------------------------------------
104, 241, 428, 455, 

Bought-----------------------------------------------------------------
234, 271, 405, 481, 

Number of illegal transfers--------------------------------------------------------------
3, 

-----------------------------------------------------------------
