Selected-----------------------------------------------------------------
23, 30, 125, 128, 186, 252, 259, 352, 394, 399, 402, 481, 549, 584, 606, 

Starting-----------------------------------------------------------------
23, 186, 252, 259, 352, 394, 399, 402, 481, 549, 584, 

Captain-----------------------------------------------------------------
584, 

Vice-Captain-----------------------------------------------------------------
394, 

Substitutes-----------------------------------------------------------------
128, 125, 606, 

Remaining budget-----------------------------------------------------------------
PREVIOUS GW: 3e+06
THIS GW: 6.1e+06

Sold-----------------------------------------------------------------
48, 170, 386, 451, 

Bought-----------------------------------------------------------------
23, 252, 352, 394, 

Number of illegal transfers--------------------------------------------------------------
3, 

-----------------------------------------------------------------
