Selected-----------------------------------------------------------------
22, 23, 96, 121, 174, 186, 269, 330, 386, 405, 421, 489, 567, 575, 599, 

Starting-----------------------------------------------------------------
23, 174, 186, 269, 330, 386, 405, 421, 489, 567, 575, 

Captain-----------------------------------------------------------------
405, 

Vice-Captain-----------------------------------------------------------------
174, 

Substitutes-----------------------------------------------------------------
599, 96, 121, 

Remaining budget-----------------------------------------------------------------
PREVIOUS GW: 1.5e+06
THIS GW: 5e+06

Sold-----------------------------------------------------------------
8, 400, 429, 592, 606, 

Bought-----------------------------------------------------------------
23, 386, 405, 567, 575, 

Number of illegal transfers--------------------------------------------------------------
4, 

-----------------------------------------------------------------
