Total expected points: 250.333
Selected-----------------------------------------------------------------
44, 52, 75, 89, 93, 164, 167, 365, 394, 397, 415, 428, 557, 616, 621, 

Starting-----------------------------------------------------------------
44, 75, 164, 167, 365, 394, 397, 415, 428, 557, 616, 

Captain-----------------------------------------------------------------
365, 

Vice-Captain-----------------------------------------------------------------
428, 

Substitutes-----------------------------------------------------------------
89, 93, 621, 

Remaining budget-----------------------------------------------------------------
200000, 

-----------------------------------------------------------------
