Selected-----------------------------------------------------------------
12, 44, 104, 105, 167, 234, 271, 352, 405, 481, 484, 520, 561, 579, 583, 

Starting-----------------------------------------------------------------
12, 105, 234, 271, 352, 405, 481, 484, 520, 579, 583, 

Captain-----------------------------------------------------------------
481, 

Vice-Captain-----------------------------------------------------------------
484, 

Substitutes-----------------------------------------------------------------
104, 167, 561, 

Remaining budget-----------------------------------------------------------------
PREVIOUS GW: 1.6e+06
THIS GW: 3.6e+06

Sold-----------------------------------------------------------------
90, 259, 399, 428, 

Bought-----------------------------------------------------------------
234, 271, 405, 481, 

Number of illegal transfers--------------------------------------------------------------
3, 

-----------------------------------------------------------------
