Selected-----------------------------------------------------------------
16, 48, 104, 105, 167, 210, 249, 352, 399, 428, 484, 520, 552, 557, 583, 

Starting-----------------------------------------------------------------
48, 104, 105, 167, 352, 399, 428, 484, 520, 557, 583, 

Captain-----------------------------------------------------------------
428, 

Vice-Captain-----------------------------------------------------------------
583, 

Substitutes-----------------------------------------------------------------
552, 249, 210, 

Remaining budget-----------------------------------------------------------------
PREVIOUS GW: 1.8e+06
THIS GW: 1.5e+06

Sold-----------------------------------------------------------------
259, 330, 548, 577, 

Bought-----------------------------------------------------------------
105, 399, 552, 583, 

Number of illegal transfers--------------------------------------------------------------
3, 

-----------------------------------------------------------------
