Selected-----------------------------------------------------------------
12, 48, 96, 104, 106, 241, 259, 330, 352, 399, 455, 520, 548, 581, 584, 

Starting-----------------------------------------------------------------
48, 104, 106, 259, 330, 352, 399, 520, 548, 581, 584, 

Captain-----------------------------------------------------------------
520, 

Vice-Captain-----------------------------------------------------------------
581, 

Substitutes-----------------------------------------------------------------
96, 455, 241, 

Remaining budget-----------------------------------------------------------------
PREVIOUS GW: 1.5e+06
THIS GW: 2.5e+06

Sold-----------------------------------------------------------------
75, 363, 394, 577, 592, 

Bought-----------------------------------------------------------------
259, 352, 520, 548, 581, 

Number of illegal transfers--------------------------------------------------------------
4, 

-----------------------------------------------------------------
