Selected-----------------------------------------------------------------
9, 30, 131, 177, 205, 252, 259, 352, 394, 481, 484, 489, 576, 577, 581, 

Starting-----------------------------------------------------------------
9, 131, 177, 205, 352, 394, 481, 484, 489, 577, 581, 

Captain-----------------------------------------------------------------
489, 

Vice-Captain-----------------------------------------------------------------
481, 

Substitutes-----------------------------------------------------------------
576, 259, 252, 

Remaining budget-----------------------------------------------------------------
PREVIOUS GW: 2.3e+06
THIS GW: 4.6e+06

Sold-----------------------------------------------------------------
121, 330, 531, 584, 

Bought-----------------------------------------------------------------
177, 394, 489, 577, 

Number of illegal transfers--------------------------------------------------------------
3, 

-----------------------------------------------------------------
