Selected-----------------------------------------------------------------
24, 48, 104, 127, 128, 259, 271, 277, 363, 481, 484, 520, 548, 558, 583, 

Starting-----------------------------------------------------------------
24, 104, 127, 128, 277, 363, 481, 484, 548, 558, 583, 

Captain-----------------------------------------------------------------
583, 

Vice-Captain-----------------------------------------------------------------
548, 

Substitutes-----------------------------------------------------------------
271, 520, 259, 

Remaining budget-----------------------------------------------------------------
PREVIOUS GW: 2.2e+06
THIS GW: 4.8e+06

Sold-----------------------------------------------------------------
397, 415, 606, 607, 

Bought-----------------------------------------------------------------
277, 363, 548, 558, 

Number of illegal transfers--------------------------------------------------------------
3, 

-----------------------------------------------------------------
