Selected-----------------------------------------------------------------
12, 23, 104, 106, 127, 128, 176, 300, 415, 481, 484, 520, 557, 583, 607, 

Starting-----------------------------------------------------------------
12, 104, 106, 127, 128, 176, 415, 481, 484, 520, 583, 

Captain-----------------------------------------------------------------
481, 

Vice-Captain-----------------------------------------------------------------
484, 

Substitutes-----------------------------------------------------------------
557, 300, 607, 

Remaining budget-----------------------------------------------------------------
PREVIOUS GW: 1.7e+06
THIS GW: 1.3e+06

Sold-----------------------------------------------------------------
90, 92, 241, 428, 

Bought-----------------------------------------------------------------
104, 128, 176, 415, 

Number of illegal transfers--------------------------------------------------------------
3, 

-----------------------------------------------------------------
