Selected-----------------------------------------------------------------
12, 35, 75, 104, 106, 164, 241, 330, 363, 394, 412, 455, 548, 577, 592, 

Starting-----------------------------------------------------------------
12, 104, 106, 164, 330, 363, 394, 412, 548, 577, 592, 

Captain-----------------------------------------------------------------
330, 

Vice-Captain-----------------------------------------------------------------
104, 

Substitutes-----------------------------------------------------------------
455, 75, 241, 

Remaining budget-----------------------------------------------------------------
PREVIOUS GW: 5.1e+06
THIS GW: 3.8e+06

Sold-----------------------------------------------------------------
89, 335, 365, 584, 

Bought-----------------------------------------------------------------
104, 363, 394, 577, 

Number of illegal transfers--------------------------------------------------------------
3, 

-----------------------------------------------------------------
