Selected-----------------------------------------------------------------
25, 35, 106, 178, 213, 241, 271, 330, 335, 449, 455, 512, 577, 584, 592, 

Starting-----------------------------------------------------------------
25, 106, 213, 241, 330, 335, 449, 455, 577, 584, 592, 

Captain-----------------------------------------------------------------
330, 

Vice-Captain-----------------------------------------------------------------
455, 

Substitutes-----------------------------------------------------------------
512, 178, 271, 

Remaining budget-----------------------------------------------------------------
PREVIOUS GW: 800000
THIS GW: 5.8e+06

Sold-----------------------------------------------------------------
75, 308, 365, 557, 

Bought-----------------------------------------------------------------
213, 335, 449, 592, 

Number of illegal transfers--------------------------------------------------------------
3, 

-----------------------------------------------------------------
