Selected-----------------------------------------------------------------
30, 44, 75, 132, 155, 164, 267, 365, 415, 428, 495, 522, 557, 577, 621, 

Starting-----------------------------------------------------------------
44, 75, 164, 267, 365, 415, 428, 495, 522, 557, 577, 

Captain-----------------------------------------------------------------
428, 

Vice-Captain-----------------------------------------------------------------
75, 

Substitutes-----------------------------------------------------------------
155, 132, 621, 

Remaining budget-----------------------------------------------------------------
PREVIOUS GW: 5.7e+06
THIS GW: 200000

Sold-----------------------------------------------------------------
12, 176, 178, 229, 472, 536, 548, 584, 608, 

Bought-----------------------------------------------------------------
44, 75, 164, 267, 365, 415, 557, 577, 621, 

Number of illegal transfers--------------------------------------------------------------
8, 

-----------------------------------------------------------------
