Total expected points: 725.111
Selected-----------------------------------------------------------------
12, 23, 75, 89, 176, 186, 221, 365, 394, 428, 495, 522, 548, 549, 583, 

Starting-----------------------------------------------------------------
12, 75, 89, 176, 365, 394, 428, 495, 522, 548, 583, 

Captain-----------------------------------------------------------------
522, 

Vice-Captain-----------------------------------------------------------------
365, 

Substitutes-----------------------------------------------------------------
549, 186, 221, 

Remaining budget-----------------------------------------------------------------
2e+06, 

-----------------------------------------------------------------
