Selected-----------------------------------------------------------------
12, 48, 89, 104, 106, 210, 249, 363, 399, 428, 455, 520, 557, 579, 583, 

Starting-----------------------------------------------------------------
48, 104, 106, 249, 363, 399, 428, 520, 557, 579, 583, 

Captain-----------------------------------------------------------------
428, 

Vice-Captain-----------------------------------------------------------------
583, 

Substitutes-----------------------------------------------------------------
210, 455, 89, 

Remaining budget-----------------------------------------------------------------
PREVIOUS GW: 1.7e+06
THIS GW: 800000

Sold-----------------------------------------------------------------
75, 330, 484, 548, 561, 

Bought-----------------------------------------------------------------
104, 363, 399, 579, 583, 

Number of illegal transfers--------------------------------------------------------------
4, 

-----------------------------------------------------------------
