Selected-----------------------------------------------------------------
12, 44, 89, 104, 163, 241, 259, 330, 352, 399, 428, 520, 552, 557, 577, 

Starting-----------------------------------------------------------------
44, 104, 163, 259, 330, 352, 399, 428, 520, 557, 577, 

Captain-----------------------------------------------------------------
428, 

Vice-Captain-----------------------------------------------------------------
330, 

Substitutes-----------------------------------------------------------------
552, 241, 89, 

Remaining budget-----------------------------------------------------------------
PREVIOUS GW: 700000
THIS GW: 2.5e+06

Sold-----------------------------------------------------------------
106, 455, 581, 584, 

Bought-----------------------------------------------------------------
163, 428, 552, 557, 

Number of illegal transfers--------------------------------------------------------------
3, 

-----------------------------------------------------------------
