Selected-----------------------------------------------------------------
1, 52, 78, 105, 187, 192, 232, 282, 286, 458, 484, 500, 553, 581, 584, 

Starting-----------------------------------------------------------------
1, 78, 105, 192, 232, 282, 286, 458, 484, 581, 584, 

Captain-----------------------------------------------------------------
584, 

Vice-Captain-----------------------------------------------------------------
78, 

Substitutes-----------------------------------------------------------------
500, 187, 553, 

Remaining budget-----------------------------------------------------------------
PREVIOUS GW: 2e+06
THIS GW: 800000

Sold-----------------------------------------------------------------
44, 104, 223, 245, 329, 582, 

Bought-----------------------------------------------------------------
1, 78, 105, 192, 458, 584, 

Number of illegal transfers--------------------------------------------------------------
5, 

-----------------------------------------------------------------
