Selected-----------------------------------------------------------------
12, 66, 105, 106, 211, 241, 271, 352, 397, 415, 481, 484, 577, 579, 583, 

Starting-----------------------------------------------------------------
66, 105, 106, 271, 352, 397, 415, 481, 484, 577, 583, 

Captain-----------------------------------------------------------------
481, 

Vice-Captain-----------------------------------------------------------------
415, 

Substitutes-----------------------------------------------------------------
579, 241, 211, 

Remaining budget-----------------------------------------------------------------
PREVIOUS GW: 2.1e+06
THIS GW: 5e+06

Sold-----------------------------------------------------------------
54, 176, 428, 510, 

Bought-----------------------------------------------------------------
66, 271, 415, 481, 

Number of illegal transfers--------------------------------------------------------------
3, 

-----------------------------------------------------------------
