Selected-----------------------------------------------------------------
12, 23, 96, 104, 106, 158, 221, 352, 363, 399, 428, 455, 557, 583, 592, 

Starting-----------------------------------------------------------------
12, 104, 106, 158, 352, 363, 399, 428, 557, 583, 592, 

Captain-----------------------------------------------------------------
428, 

Vice-Captain-----------------------------------------------------------------
557, 

Substitutes-----------------------------------------------------------------
455, 96, 221, 

Remaining budget-----------------------------------------------------------------
PREVIOUS GW: 6e+06
THIS GW: 300000

Sold-----------------------------------------------------------------
164, 484, 520, 548, 

Bought-----------------------------------------------------------------
158, 363, 399, 583, 

Number of illegal transfers--------------------------------------------------------------
3, 

-----------------------------------------------------------------
