Selected-----------------------------------------------------------------
12, 48, 104, 106, 213, 241, 259, 330, 352, 363, 399, 520, 548, 581, 584, 

Starting-----------------------------------------------------------------
48, 104, 106, 259, 330, 352, 399, 520, 548, 581, 584, 

Captain-----------------------------------------------------------------
520, 

Vice-Captain-----------------------------------------------------------------
581, 

Substitutes-----------------------------------------------------------------
363, 213, 241, 

Remaining budget-----------------------------------------------------------------
PREVIOUS GW: 0
THIS GW: 200000

Sold-----------------------------------------------------------------
96, 365, 394, 577, 592, 

Bought-----------------------------------------------------------------
259, 352, 520, 548, 581, 

Number of illegal transfers--------------------------------------------------------------
4, 

-----------------------------------------------------------------
