Selected-----------------------------------------------------------------
52, 54, 89, 128, 176, 186, 259, 365, 415, 489, 495, 522, 583, 584, 610, 

Starting-----------------------------------------------------------------
54, 89, 128, 176, 365, 415, 489, 495, 522, 583, 584, 

Captain-----------------------------------------------------------------
489, 

Vice-Captain-----------------------------------------------------------------
584, 

Substitutes-----------------------------------------------------------------
186, 610, 259, 

Remaining budget-----------------------------------------------------------------
PREVIOUS GW: 900000
THIS GW: 1.2e+06

Sold-----------------------------------------------------------------
37, 265, 274, 557, 

Bought-----------------------------------------------------------------
54, 128, 489, 584, 

Number of illegal transfers--------------------------------------------------------------
3, 

-----------------------------------------------------------------
