Selected-----------------------------------------------------------------
12, 44, 75, 89, 106, 249, 259, 330, 352, 394, 455, 520, 548, 577, 581, 

Starting-----------------------------------------------------------------
44, 106, 249, 259, 330, 352, 394, 520, 548, 577, 581, 

Captain-----------------------------------------------------------------
520, 

Vice-Captain-----------------------------------------------------------------
548, 

Substitutes-----------------------------------------------------------------
455, 89, 75, 

Remaining budget-----------------------------------------------------------------
PREVIOUS GW: 3.8e+06
THIS GW: 3.5e+06

Sold-----------------------------------------------------------------
241, 308, 365, 557, 

Bought-----------------------------------------------------------------
259, 352, 520, 581, 

Number of illegal transfers--------------------------------------------------------------
3, 

-----------------------------------------------------------------
