Selected-----------------------------------------------------------------
15, 37, 104, 105, 106, 176, 211, 352, 363, 397, 399, 428, 579, 583, 616, 

Starting-----------------------------------------------------------------
37, 104, 105, 106, 352, 363, 397, 399, 428, 579, 583, 

Captain-----------------------------------------------------------------
105, 

Vice-Captain-----------------------------------------------------------------
397, 

Substitutes-----------------------------------------------------------------
176, 616, 211, 

Remaining budget-----------------------------------------------------------------
PREVIOUS GW: 7.2e+06
THIS GW: 0

Sold-----------------------------------------------------------------
48, 124, 261, 484, 510, 561, 606, 

Bought-----------------------------------------------------------------
37, 105, 106, 397, 399, 579, 583, 

Number of illegal transfers--------------------------------------------------------------
6, 

-----------------------------------------------------------------
