Selected-----------------------------------------------------------------
1, 37, 75, 89, 128, 164, 198, 365, 415, 455, 489, 512, 557, 584, 610, 

Starting-----------------------------------------------------------------
1, 75, 164, 198, 365, 415, 455, 489, 512, 557, 584, 

Captain-----------------------------------------------------------------
512, 

Vice-Captain-----------------------------------------------------------------
365, 

Substitutes-----------------------------------------------------------------
128, 89, 610, 

Remaining budget-----------------------------------------------------------------
PREVIOUS GW: 3.8e+06
THIS GW: 800000

Sold-----------------------------------------------------------------
176, 259, 265, 314, 495, 522, 

Bought-----------------------------------------------------------------
75, 164, 198, 365, 455, 512, 

Number of illegal transfers--------------------------------------------------------------
5, 

-----------------------------------------------------------------
