Selected-----------------------------------------------------------------
20, 30, 131, 171, 177, 237, 265, 330, 350, 352, 484, 489, 549, 581, 584, 

Starting-----------------------------------------------------------------
30, 131, 171, 177, 237, 265, 330, 484, 489, 549, 581, 

Captain-----------------------------------------------------------------
489, 

Vice-Captain-----------------------------------------------------------------
484, 

Substitutes-----------------------------------------------------------------
350, 584, 352, 

Remaining budget-----------------------------------------------------------------
PREVIOUS GW: 6.9e+06
THIS GW: 6.1e+06

Sold-----------------------------------------------------------------
24, 205, 252, 547, 

Bought-----------------------------------------------------------------
30, 237, 265, 549, 

Number of illegal transfers--------------------------------------------------------------
3, 

-----------------------------------------------------------------
