Selected-----------------------------------------------------------------
30, 48, 92, 104, 106, 167, 241, 352, 363, 399, 428, 484, 557, 561, 579, 

Starting-----------------------------------------------------------------
48, 104, 106, 167, 352, 363, 399, 428, 484, 557, 579, 

Captain-----------------------------------------------------------------
428, 

Vice-Captain-----------------------------------------------------------------
557, 

Substitutes-----------------------------------------------------------------
561, 92, 241, 

Remaining budget-----------------------------------------------------------------
PREVIOUS GW: 2.8e+06
THIS GW: 400000

Sold-----------------------------------------------------------------
75, 520, 548, 577, 

Bought-----------------------------------------------------------------
167, 363, 557, 579, 

Number of illegal transfers--------------------------------------------------------------
3, 

-----------------------------------------------------------------
