Selected-----------------------------------------------------------------
12, 44, 75, 89, 164, 221, 267, 308, 365, 394, 455, 512, 557, 584, 592, 

Starting-----------------------------------------------------------------
44, 75, 164, 267, 308, 365, 394, 455, 512, 584, 592, 

Captain-----------------------------------------------------------------
512, 

Vice-Captain-----------------------------------------------------------------
455, 

Substitutes-----------------------------------------------------------------
557, 89, 221, 

Remaining budget-----------------------------------------------------------------
PREVIOUS GW: 600000
THIS GW: 6e+06

Sold-----------------------------------------------------------------
363, 428, 549, 577, 

Bought-----------------------------------------------------------------
455, 512, 584, 592, 

Number of illegal transfers--------------------------------------------------------------
3, 

-----------------------------------------------------------------
