Selected-----------------------------------------------------------------
15, 31, 78, 110, 157, 220, 222, 330, 380, 400, 452, 533, 551, 576, 581, 

Starting-----------------------------------------------------------------
15, 78, 110, 220, 222, 330, 400, 452, 551, 576, 581, 

Captain-----------------------------------------------------------------
330, 

Vice-Captain-----------------------------------------------------------------
78, 

Substitutes-----------------------------------------------------------------
533, 380, 157, 

Remaining budget-----------------------------------------------------------------
PREVIOUS GW: 500000
THIS GW: 1.6e+06

Sold-----------------------------------------------------------------
180, 232, 422, 489, 606, 

Bought-----------------------------------------------------------------
220, 222, 330, 400, 576, 

Number of illegal transfers--------------------------------------------------------------
4, 

-----------------------------------------------------------------
