Selected-----------------------------------------------------------------
24, 33, 125, 128, 186, 222, 259, 399, 415, 428, 481, 519, 549, 584, 606, 

Starting-----------------------------------------------------------------
24, 125, 128, 186, 399, 415, 428, 481, 549, 584, 606, 

Captain-----------------------------------------------------------------
606, 

Vice-Captain-----------------------------------------------------------------
399, 

Substitutes-----------------------------------------------------------------
259, 222, 519, 

Remaining budget-----------------------------------------------------------------
PREVIOUS GW: 5.3e+06
THIS GW: 1.5e+06

Sold-----------------------------------------------------------------
176, 363, 510, 582, 608, 

Bought-----------------------------------------------------------------
125, 399, 481, 549, 584, 

Number of illegal transfers--------------------------------------------------------------
4, 

-----------------------------------------------------------------
