Selected-----------------------------------------------------------------
12, 24, 131, 177, 205, 252, 259, 352, 394, 481, 484, 489, 547, 577, 581, 

Starting-----------------------------------------------------------------
12, 131, 177, 205, 352, 394, 481, 484, 489, 547, 577, 

Captain-----------------------------------------------------------------
489, 

Vice-Captain-----------------------------------------------------------------
481, 

Substitutes-----------------------------------------------------------------
581, 259, 252, 

Remaining budget-----------------------------------------------------------------
PREVIOUS GW: 6.3e+06
THIS GW: 8.5e+06

Sold-----------------------------------------------------------------
121, 330, 531, 584, 

Bought-----------------------------------------------------------------
177, 394, 489, 577, 

Number of illegal transfers--------------------------------------------------------------
3, 

-----------------------------------------------------------------
