Selected-----------------------------------------------------------------
12, 25, 75, 89, 104, 106, 259, 330, 352, 363, 455, 520, 548, 577, 606, 

Starting-----------------------------------------------------------------
25, 104, 106, 259, 330, 352, 363, 520, 548, 577, 606, 

Captain-----------------------------------------------------------------
520, 

Vice-Captain-----------------------------------------------------------------
606, 

Substitutes-----------------------------------------------------------------
89, 75, 455, 

Remaining budget-----------------------------------------------------------------
PREVIOUS GW: 2e+06
THIS GW: 5.4e+06

Sold-----------------------------------------------------------------
241, 281, 394, 592, 

Bought-----------------------------------------------------------------
259, 352, 520, 606, 

Number of illegal transfers--------------------------------------------------------------
3, 

-----------------------------------------------------------------
