Selected-----------------------------------------------------------------
16, 25, 75, 92, 96, 155, 164, 365, 428, 455, 481, 495, 551, 557, 584, 

Starting-----------------------------------------------------------------
25, 75, 96, 164, 365, 428, 455, 481, 495, 557, 584, 

Captain-----------------------------------------------------------------
584, 

Vice-Captain-----------------------------------------------------------------
455, 

Substitutes-----------------------------------------------------------------
92, 551, 155, 

Remaining budget-----------------------------------------------------------------
PREVIOUS GW: 1.7e+06
THIS GW: 1.3e+06

Sold-----------------------------------------------------------------
12, 394, 397, 522, 621, 

Bought-----------------------------------------------------------------
25, 455, 481, 495, 584, 

Number of illegal transfers--------------------------------------------------------------
4, 

-----------------------------------------------------------------
