Selected-----------------------------------------------------------------
9, 58, 131, 203, 205, 252, 265, 350, 394, 481, 484, 489, 549, 577, 581, 

Starting-----------------------------------------------------------------
58, 131, 205, 265, 350, 394, 481, 484, 489, 549, 577, 

Captain-----------------------------------------------------------------
489, 

Vice-Captain-----------------------------------------------------------------
481, 

Substitutes-----------------------------------------------------------------
581, 203, 252, 

Remaining budget-----------------------------------------------------------------
PREVIOUS GW: 4.6e+06
THIS GW: 1.08e+07

Sold-----------------------------------------------------------------
54, 259, 330, 352, 584, 

Bought-----------------------------------------------------------------
58, 265, 350, 489, 577, 

Number of illegal transfers--------------------------------------------------------------
4, 

-----------------------------------------------------------------
