Selected-----------------------------------------------------------------
9, 48, 104, 128, 131, 186, 252, 330, 335, 350, 481, 484, 549, 576, 584, 

Starting-----------------------------------------------------------------
9, 104, 131, 252, 330, 350, 481, 484, 549, 576, 584, 

Captain-----------------------------------------------------------------
576, 

Vice-Captain-----------------------------------------------------------------
584, 

Substitutes-----------------------------------------------------------------
335, 186, 128, 

Remaining budget-----------------------------------------------------------------
PREVIOUS GW: 2.8e+06
THIS GW: 3.7e+06

Sold-----------------------------------------------------------------
259, 363, 402, 606, 

Bought-----------------------------------------------------------------
131, 330, 350, 576, 

Number of illegal transfers--------------------------------------------------------------
3, 

-----------------------------------------------------------------
