Selected-----------------------------------------------------------------
18, 54, 75, 92, 164, 176, 241, 308, 330, 344, 455, 520, 548, 577, 581, 

Starting-----------------------------------------------------------------
54, 75, 92, 164, 308, 330, 344, 455, 520, 548, 581, 

Captain-----------------------------------------------------------------
548, 

Vice-Captain-----------------------------------------------------------------
455, 

Substitutes-----------------------------------------------------------------
577, 176, 241, 

Remaining budget-----------------------------------------------------------------
PREVIOUS GW: 1.3e+06
THIS GW: 2.3e+06

Sold-----------------------------------------------------------------
365, 394, 495, 557, 592, 

Bought-----------------------------------------------------------------
308, 344, 520, 548, 581, 

Number of illegal transfers--------------------------------------------------------------
4, 

-----------------------------------------------------------------
