Selected-----------------------------------------------------------------
12, 23, 92, 104, 106, 127, 234, 300, 397, 481, 520, 536, 558, 598, 606, 

Starting-----------------------------------------------------------------
12, 92, 104, 127, 300, 481, 520, 536, 558, 598, 606, 

Captain-----------------------------------------------------------------
558, 

Vice-Captain-----------------------------------------------------------------
300, 

Substitutes-----------------------------------------------------------------
106, 397, 234, 

Remaining budget-----------------------------------------------------------------
PREVIOUS GW: 1.9e+06
THIS GW: 1.15e+07

Sold-----------------------------------------------------------------
271, 415, 427, 583, 610, 

Bought-----------------------------------------------------------------
92, 300, 520, 558, 598, 

Number of illegal transfers--------------------------------------------------------------
4, 

-----------------------------------------------------------------
