Selected-----------------------------------------------------------------
12, 15, 75, 106, 164, 213, 241, 308, 330, 365, 412, 455, 557, 584, 592, 

Starting-----------------------------------------------------------------
12, 106, 213, 241, 308, 330, 365, 412, 455, 557, 584, 

Captain-----------------------------------------------------------------
330, 

Vice-Captain-----------------------------------------------------------------
106, 

Substitutes-----------------------------------------------------------------
592, 75, 164, 

Remaining budget-----------------------------------------------------------------
PREVIOUS GW: 6.1e+06
THIS GW: 5.2e+06

Sold-----------------------------------------------------------------
54, 267, 489, 512, 

Bought-----------------------------------------------------------------
12, 106, 330, 412, 

Number of illegal transfers--------------------------------------------------------------
3, 

-----------------------------------------------------------------
