Selected-----------------------------------------------------------------
6, 23, 75, 104, 105, 169, 266, 415, 421, 481, 489, 523, 570, 603, 606, 

Starting-----------------------------------------------------------------
23, 104, 105, 169, 415, 421, 481, 489, 523, 603, 606, 

Captain-----------------------------------------------------------------
606, 

Vice-Captain-----------------------------------------------------------------
481, 

Substitutes-----------------------------------------------------------------
75, 266, 570, 

Remaining budget-----------------------------------------------------------------
PREVIOUS GW: 0
THIS GW: 100000

Sold-----------------------------------------------------------------
230, 394, 400, 423, 577, 586, 

Bought-----------------------------------------------------------------
169, 481, 489, 523, 603, 606, 

Number of illegal transfers--------------------------------------------------------------
5, 

-----------------------------------------------------------------
