Selected-----------------------------------------------------------------
16, 18, 68, 75, 106, 176, 241, 315, 330, 394, 399, 455, 548, 577, 584, 

Starting-----------------------------------------------------------------
18, 68, 75, 106, 315, 330, 394, 399, 548, 577, 584, 

Captain-----------------------------------------------------------------
330, 

Vice-Captain-----------------------------------------------------------------
106, 

Substitutes-----------------------------------------------------------------
241, 455, 176, 

Remaining budget-----------------------------------------------------------------
PREVIOUS GW: 6.3e+06
THIS GW: 100000

Sold-----------------------------------------------------------------
308, 365, 512, 621, 

Bought-----------------------------------------------------------------
315, 394, 399, 577, 

Number of illegal transfers--------------------------------------------------------------
3, 

-----------------------------------------------------------------
