Selected-----------------------------------------------------------------
10, 35, 75, 89, 164, 198, 265, 365, 415, 428, 489, 512, 584, 592, 610, 

Starting-----------------------------------------------------------------
35, 75, 164, 198, 365, 415, 428, 489, 512, 584, 592, 

Captain-----------------------------------------------------------------
512, 

Vice-Captain-----------------------------------------------------------------
365, 

Substitutes-----------------------------------------------------------------
89, 610, 265, 

Remaining budget-----------------------------------------------------------------
PREVIOUS GW: 2.9e+06
THIS GW: 200000

Sold-----------------------------------------------------------------
37, 128, 178, 472, 495, 522, 583, 

Bought-----------------------------------------------------------------
35, 164, 198, 365, 428, 512, 592, 

Number of illegal transfers--------------------------------------------------------------
6, 

-----------------------------------------------------------------
