Total expected points: 305.205
Selected-----------------------------------------------------------------
25, 48, 127, 155, 176, 229, 259, 361, 406, 415, 485, 495, 549, 557, 584, 

Starting-----------------------------------------------------------------
25, 127, 176, 259, 361, 406, 415, 485, 495, 557, 584, 

Captain-----------------------------------------------------------------
495, 

Vice-Captain-----------------------------------------------------------------
557, 

Substitutes-----------------------------------------------------------------
229, 155, 549, 

Remaining budget-----------------------------------------------------------------
500000, 

-----------------------------------------------------------------
