Selected-----------------------------------------------------------------
12, 48, 89, 105, 164, 241, 267, 352, 397, 428, 484, 510, 557, 579, 583, 

Starting-----------------------------------------------------------------
12, 105, 241, 267, 352, 397, 428, 484, 557, 579, 583, 

Captain-----------------------------------------------------------------
105, 

Vice-Captain-----------------------------------------------------------------
397, 

Substitutes-----------------------------------------------------------------
164, 510, 89, 

Remaining budget-----------------------------------------------------------------
PREVIOUS GW: 3.3e+06
THIS GW: 1.1e+06

Sold-----------------------------------------------------------------
211, 520, 577, 606, 

Bought-----------------------------------------------------------------
105, 397, 579, 583, 

Number of illegal transfers--------------------------------------------------------------
3, 

-----------------------------------------------------------------
