Selected-----------------------------------------------------------------
24, 48, 90, 104, 106, 127, 128, 397, 428, 481, 484, 520, 558, 606, 610, 

Starting-----------------------------------------------------------------
24, 104, 106, 127, 128, 428, 481, 484, 520, 606, 610, 

Captain-----------------------------------------------------------------
481, 

Vice-Captain-----------------------------------------------------------------
606, 

Substitutes-----------------------------------------------------------------
558, 90, 397, 

Remaining budget-----------------------------------------------------------------
PREVIOUS GW: 700000
THIS GW: 400000

Sold-----------------------------------------------------------------
12, 75, 271, 583, 

Bought-----------------------------------------------------------------
24, 106, 128, 606, 

Number of illegal transfers--------------------------------------------------------------
3, 

-----------------------------------------------------------------
