Selected-----------------------------------------------------------------
24, 48, 92, 104, 127, 128, 176, 300, 406, 481, 484, 520, 558, 598, 606, 

Starting-----------------------------------------------------------------
24, 104, 127, 128, 176, 406, 481, 484, 520, 598, 606, 

Captain-----------------------------------------------------------------
481, 

Vice-Captain-----------------------------------------------------------------
606, 

Substitutes-----------------------------------------------------------------
300, 558, 92, 

Remaining budget-----------------------------------------------------------------
PREVIOUS GW: 1.8e+06
THIS GW: 5.1e+06

Sold-----------------------------------------------------------------
1, 105, 271, 428, 522, 583, 

Bought-----------------------------------------------------------------
24, 128, 176, 406, 520, 606, 

Number of illegal transfers--------------------------------------------------------------
5, 

-----------------------------------------------------------------
