Selected-----------------------------------------------------------------
12, 30, 105, 106, 167, 241, 259, 352, 363, 428, 484, 520, 548, 557, 583, 

Starting-----------------------------------------------------------------
12, 105, 106, 167, 352, 363, 428, 484, 520, 557, 583, 

Captain-----------------------------------------------------------------
428, 

Vice-Captain-----------------------------------------------------------------
557, 

Substitutes-----------------------------------------------------------------
548, 259, 241, 

Remaining budget-----------------------------------------------------------------
PREVIOUS GW: 3.9e+06
THIS GW: 100000

Sold-----------------------------------------------------------------
92, 163, 455, 606, 

Bought-----------------------------------------------------------------
105, 167, 363, 583, 

Number of illegal transfers--------------------------------------------------------------
3, 

-----------------------------------------------------------------
