Selected-----------------------------------------------------------------
12, 48, 104, 105, 127, 234, 271, 405, 427, 481, 484, 520, 548, 579, 583, 

Starting-----------------------------------------------------------------
12, 105, 127, 234, 271, 427, 481, 484, 520, 548, 583, 

Captain-----------------------------------------------------------------
481, 

Vice-Captain-----------------------------------------------------------------
583, 

Substitutes-----------------------------------------------------------------
405, 104, 579, 

Remaining budget-----------------------------------------------------------------
PREVIOUS GW: 2.1e+06
THIS GW: 1.7e+06

Sold-----------------------------------------------------------------
16, 167, 352, 557, 

Bought-----------------------------------------------------------------
12, 127, 427, 548, 

Number of illegal transfers--------------------------------------------------------------
3, 

-----------------------------------------------------------------
