Selected-----------------------------------------------------------------
52, 54, 75, 164, 213, 241, 267, 308, 365, 455, 463, 512, 551, 557, 584, 

Starting-----------------------------------------------------------------
54, 75, 213, 241, 308, 365, 455, 463, 512, 557, 584, 

Captain-----------------------------------------------------------------
455, 

Vice-Captain-----------------------------------------------------------------
241, 

Substitutes-----------------------------------------------------------------
551, 267, 164, 

Remaining budget-----------------------------------------------------------------
PREVIOUS GW: 3.4e+06
THIS GW: 7e+06

Sold-----------------------------------------------------------------
89, 198, 428, 489, 616, 

Bought-----------------------------------------------------------------
213, 241, 463, 512, 584, 

Number of illegal transfers--------------------------------------------------------------
4, 

-----------------------------------------------------------------
