Selected-----------------------------------------------------------------
12, 54, 75, 89, 106, 213, 241, 330, 335, 344, 412, 455, 548, 584, 592, 

Starting-----------------------------------------------------------------
12, 106, 213, 241, 330, 335, 344, 412, 455, 548, 584, 

Captain-----------------------------------------------------------------
330, 

Vice-Captain-----------------------------------------------------------------
335, 

Substitutes-----------------------------------------------------------------
592, 75, 89, 

Remaining budget-----------------------------------------------------------------
PREVIOUS GW: 5.5e+06
THIS GW: 9.6e+06

Sold-----------------------------------------------------------------
92, 308, 365, 557, 

Bought-----------------------------------------------------------------
213, 335, 344, 548, 

Number of illegal transfers--------------------------------------------------------------
3, 

-----------------------------------------------------------------
