Selected-----------------------------------------------------------------
44, 48, 90, 104, 124, 211, 259, 352, 363, 428, 484, 520, 557, 561, 606, 

Starting-----------------------------------------------------------------
48, 124, 211, 259, 352, 428, 484, 520, 557, 561, 606, 

Captain-----------------------------------------------------------------
484, 

Vice-Captain-----------------------------------------------------------------
352, 

Substitutes-----------------------------------------------------------------
363, 104, 90, 

Remaining budget-----------------------------------------------------------------
PREVIOUS GW: 800000
THIS GW: 3.4e+06

Sold-----------------------------------------------------------------
23, 158, 163, 399, 548, 

Bought-----------------------------------------------------------------
48, 124, 211, 484, 561, 

Number of illegal transfers--------------------------------------------------------------
4, 

-----------------------------------------------------------------
