Selected-----------------------------------------------------------------
9, 35, 131, 171, 177, 203, 205, 338, 350, 463, 484, 489, 557, 561, 581, 

Starting-----------------------------------------------------------------
35, 131, 171, 177, 338, 350, 463, 489, 557, 561, 581, 

Captain-----------------------------------------------------------------
131, 

Vice-Captain-----------------------------------------------------------------
171, 

Substitutes-----------------------------------------------------------------
484, 203, 205, 

Remaining budget-----------------------------------------------------------------
PREVIOUS GW: 8.8e+06
THIS GW: 1.02e+07

Sold-----------------------------------------------------------------
23, 252, 281, 481, 549, 577, 

Bought-----------------------------------------------------------------
35, 171, 338, 463, 557, 561, 

Number of illegal transfers--------------------------------------------------------------
5, 

-----------------------------------------------------------------
