Selected-----------------------------------------------------------------
12, 16, 75, 89, 164, 167, 241, 344, 394, 428, 455, 512, 548, 557, 584, 

Starting-----------------------------------------------------------------
12, 75, 167, 241, 344, 394, 455, 512, 548, 557, 584, 

Captain-----------------------------------------------------------------
455, 

Vice-Captain-----------------------------------------------------------------
584, 

Substitutes-----------------------------------------------------------------
428, 164, 89, 

Remaining budget-----------------------------------------------------------------
PREVIOUS GW: 2e+06
THIS GW: 2.8e+06

Sold-----------------------------------------------------------------
221, 308, 365, 616, 

Bought-----------------------------------------------------------------
241, 344, 512, 548, 

Number of illegal transfers--------------------------------------------------------------
3, 

-----------------------------------------------------------------
