Selected-----------------------------------------------------------------
24, 48, 90, 104, 127, 128, 176, 397, 428, 481, 484, 520, 558, 606, 607, 

Starting-----------------------------------------------------------------
24, 104, 127, 128, 176, 428, 481, 484, 520, 558, 606, 

Captain-----------------------------------------------------------------
481, 

Vice-Captain-----------------------------------------------------------------
606, 

Substitutes-----------------------------------------------------------------
607, 90, 397, 

Remaining budget-----------------------------------------------------------------
PREVIOUS GW: 0
THIS GW: 900000

Sold-----------------------------------------------------------------
12, 75, 234, 583, 

Bought-----------------------------------------------------------------
24, 128, 176, 606, 

Number of illegal transfers--------------------------------------------------------------
3, 

-----------------------------------------------------------------
