Selected-----------------------------------------------------------------
52, 54, 75, 89, 128, 176, 259, 365, 406, 489, 495, 522, 548, 577, 584, 

Starting-----------------------------------------------------------------
54, 75, 128, 176, 365, 406, 489, 495, 522, 548, 584, 

Captain-----------------------------------------------------------------
489, 

Vice-Captain-----------------------------------------------------------------
584, 

Substitutes-----------------------------------------------------------------
577, 89, 259, 

Remaining budget-----------------------------------------------------------------
PREVIOUS GW: 400000
THIS GW: 1.1e+06

Sold-----------------------------------------------------------------
37, 183, 415, 610, 

Bought-----------------------------------------------------------------
54, 128, 489, 548, 

Number of illegal transfers--------------------------------------------------------------
3, 

-----------------------------------------------------------------
