Selected-----------------------------------------------------------------
24, 48, 106, 128, 176, 186, 259, 363, 406, 415, 481, 519, 584, 606, 608, 

Starting-----------------------------------------------------------------
48, 128, 176, 259, 363, 406, 415, 481, 519, 606, 608, 

Captain-----------------------------------------------------------------
363, 

Vice-Captain-----------------------------------------------------------------
259, 

Substitutes-----------------------------------------------------------------
584, 186, 106, 

Remaining budget-----------------------------------------------------------------
PREVIOUS GW: 1.2e+06
THIS GW: 1.6e+06

Sold-----------------------------------------------------------------
104, 326, 428, 598, 

Bought-----------------------------------------------------------------
259, 406, 415, 608, 

Number of illegal transfers--------------------------------------------------------------
3, 

-----------------------------------------------------------------
