Selected-----------------------------------------------------------------
12, 48, 92, 105, 106, 127, 271, 397, 415, 481, 484, 536, 583, 606, 610, 

Starting-----------------------------------------------------------------
12, 92, 127, 271, 415, 481, 484, 536, 583, 606, 610, 

Captain-----------------------------------------------------------------
481, 

Vice-Captain-----------------------------------------------------------------
127, 

Substitutes-----------------------------------------------------------------
397, 106, 105, 

Remaining budget-----------------------------------------------------------------
PREVIOUS GW: 800000
THIS GW: 2.3e+06

Sold-----------------------------------------------------------------
234, 352, 399, 615, 

Bought-----------------------------------------------------------------
127, 484, 536, 610, 

Number of illegal transfers--------------------------------------------------------------
3, 

-----------------------------------------------------------------
