Selected-----------------------------------------------------------------
9, 48, 121, 131, 186, 252, 259, 352, 363, 428, 481, 484, 547, 549, 584, 

Starting-----------------------------------------------------------------
9, 131, 252, 259, 352, 428, 481, 484, 547, 549, 584, 

Captain-----------------------------------------------------------------
549, 

Vice-Captain-----------------------------------------------------------------
584, 

Substitutes-----------------------------------------------------------------
121, 186, 363, 

Remaining budget-----------------------------------------------------------------
PREVIOUS GW: 6.9e+06
THIS GW: 1.05e+07

Sold-----------------------------------------------------------------
30, 152, 222, 399, 577, 

Bought-----------------------------------------------------------------
9, 131, 252, 484, 547, 

Number of illegal transfers--------------------------------------------------------------
4, 

-----------------------------------------------------------------
