Selected-----------------------------------------------------------------
35, 54, 75, 92, 164, 198, 267, 308, 365, 394, 428, 455, 548, 557, 592, 

Starting-----------------------------------------------------------------
35, 75, 92, 164, 308, 365, 394, 428, 455, 557, 592, 

Captain-----------------------------------------------------------------
308, 

Vice-Captain-----------------------------------------------------------------
365, 

Substitutes-----------------------------------------------------------------
548, 198, 267, 

Remaining budget-----------------------------------------------------------------
PREVIOUS GW: 1.1e+06
THIS GW: 600000

Sold-----------------------------------------------------------------
89, 489, 512, 610, 

Bought-----------------------------------------------------------------
92, 308, 455, 557, 

Number of illegal transfers--------------------------------------------------------------
3, 

-----------------------------------------------------------------
