Selected-----------------------------------------------------------------
25, 52, 75, 93, 164, 167, 241, 365, 394, 397, 428, 455, 557, 584, 621, 

Starting-----------------------------------------------------------------
25, 75, 164, 167, 241, 365, 394, 428, 455, 557, 584, 

Captain-----------------------------------------------------------------
584, 

Vice-Captain-----------------------------------------------------------------
455, 

Substitutes-----------------------------------------------------------------
397, 93, 621, 

Remaining budget-----------------------------------------------------------------
PREVIOUS GW: 600000
THIS GW: 1.3e+06

Sold-----------------------------------------------------------------
12, 259, 415, 551, 

Bought-----------------------------------------------------------------
25, 241, 455, 584, 

Number of illegal transfers--------------------------------------------------------------
3, 

-----------------------------------------------------------------
