Selected-----------------------------------------------------------------
12, 66, 105, 106, 211, 259, 271, 397, 415, 427, 481, 484, 579, 583, 615, 

Starting-----------------------------------------------------------------
66, 105, 106, 271, 397, 415, 427, 481, 484, 583, 615, 

Captain-----------------------------------------------------------------
481, 

Vice-Captain-----------------------------------------------------------------
415, 

Substitutes-----------------------------------------------------------------
259, 579, 211, 

Remaining budget-----------------------------------------------------------------
PREVIOUS GW: 1.5e+06
THIS GW: 5e+06

Sold-----------------------------------------------------------------
54, 104, 352, 428, 

Bought-----------------------------------------------------------------
66, 271, 415, 481, 

Number of illegal transfers--------------------------------------------------------------
3, 

-----------------------------------------------------------------
