Selected-----------------------------------------------------------------
24, 30, 125, 128, 170, 186, 259, 363, 399, 451, 481, 519, 577, 584, 606, 

Starting-----------------------------------------------------------------
24, 125, 128, 170, 186, 399, 451, 481, 577, 584, 606, 

Captain-----------------------------------------------------------------
399, 

Vice-Captain-----------------------------------------------------------------
606, 

Substitutes-----------------------------------------------------------------
259, 363, 519, 

Remaining budget-----------------------------------------------------------------
PREVIOUS GW: 400000
THIS GW: 4.3e+06

Sold-----------------------------------------------------------------
104, 176, 279, 406, 608, 

Bought-----------------------------------------------------------------
125, 170, 451, 481, 577, 

Number of illegal transfers--------------------------------------------------------------
4, 

-----------------------------------------------------------------
