Selected-----------------------------------------------------------------
12, 54, 75, 89, 104, 106, 241, 330, 363, 394, 428, 455, 548, 577, 592, 

Starting-----------------------------------------------------------------
12, 75, 104, 106, 330, 363, 394, 428, 455, 577, 592, 

Captain-----------------------------------------------------------------
330, 

Vice-Captain-----------------------------------------------------------------
394, 

Substitutes-----------------------------------------------------------------
241, 548, 89, 

Remaining budget-----------------------------------------------------------------
PREVIOUS GW: 800000
THIS GW: 200000

Sold-----------------------------------------------------------------
164, 344, 512, 557, 584, 

Bought-----------------------------------------------------------------
104, 330, 363, 577, 592, 

Number of illegal transfers--------------------------------------------------------------
4, 

-----------------------------------------------------------------
