Selected-----------------------------------------------------------------
35, 37, 75, 89, 164, 198, 267, 308, 365, 428, 489, 512, 557, 610, 616, 

Starting-----------------------------------------------------------------
35, 75, 89, 164, 198, 308, 365, 428, 489, 512, 557, 

Captain-----------------------------------------------------------------
308, 

Vice-Captain-----------------------------------------------------------------
365, 

Substitutes-----------------------------------------------------------------
267, 616, 610, 

Remaining budget-----------------------------------------------------------------
PREVIOUS GW: 400000
THIS GW: 200000

Sold-----------------------------------------------------------------
1, 415, 495, 584, 

Bought-----------------------------------------------------------------
35, 308, 365, 557, 

Number of illegal transfers--------------------------------------------------------------
3, 

-----------------------------------------------------------------
