Selected-----------------------------------------------------------------
30, 54, 106, 128, 176, 186, 259, 330, 363, 399, 512, 519, 584, 606, 608, 

Starting-----------------------------------------------------------------
54, 128, 176, 259, 363, 399, 512, 519, 584, 606, 608, 

Captain-----------------------------------------------------------------
259, 

Vice-Captain-----------------------------------------------------------------
606, 

Substitutes-----------------------------------------------------------------
330, 186, 106, 

Remaining budget-----------------------------------------------------------------
PREVIOUS GW: 2.6e+06
THIS GW: 2.3e+06

Sold-----------------------------------------------------------------
66, 108, 279, 428, 549, 

Bought-----------------------------------------------------------------
54, 259, 399, 512, 606, 

Number of illegal transfers--------------------------------------------------------------
4, 

-----------------------------------------------------------------
