Selected-----------------------------------------------------------------
12, 48, 104, 127, 158, 234, 241, 352, 428, 481, 484, 536, 548, 552, 583, 

Starting-----------------------------------------------------------------
12, 104, 127, 234, 352, 428, 481, 484, 536, 548, 583, 

Captain-----------------------------------------------------------------
484, 

Vice-Captain-----------------------------------------------------------------
481, 

Substitutes-----------------------------------------------------------------
552, 158, 241, 

Remaining budget-----------------------------------------------------------------
PREVIOUS GW: 200000
THIS GW: 3.4e+06

Sold-----------------------------------------------------------------
106, 167, 520, 606, 

Bought-----------------------------------------------------------------
127, 234, 536, 548, 

Number of illegal transfers--------------------------------------------------------------
3, 

-----------------------------------------------------------------
