Selected-----------------------------------------------------------------
15, 35, 75, 155, 164, 198, 221, 365, 406, 428, 455, 512, 577, 584, 621, 

Starting-----------------------------------------------------------------
35, 75, 164, 198, 365, 406, 428, 455, 512, 577, 584, 

Captain-----------------------------------------------------------------
75, 

Vice-Captain-----------------------------------------------------------------
365, 

Substitutes-----------------------------------------------------------------
155, 621, 221, 

Remaining budget-----------------------------------------------------------------
PREVIOUS GW: 4e+06
THIS GW: 300000

Sold-----------------------------------------------------------------
25, 176, 178, 415, 495, 522, 548, 

Bought-----------------------------------------------------------------
35, 164, 198, 428, 455, 512, 577, 

Number of illegal transfers--------------------------------------------------------------
6, 

-----------------------------------------------------------------
