Selected-----------------------------------------------------------------
15, 54, 89, 128, 178, 183, 259, 428, 472, 489, 495, 522, 583, 584, 610, 

Starting-----------------------------------------------------------------
54, 89, 128, 178, 428, 472, 489, 495, 522, 583, 584, 

Captain-----------------------------------------------------------------
489, 

Vice-Captain-----------------------------------------------------------------
584, 

Substitutes-----------------------------------------------------------------
610, 259, 183, 

Remaining budget-----------------------------------------------------------------
PREVIOUS GW: 100000
THIS GW: 1.2e+06

Sold-----------------------------------------------------------------
37, 265, 415, 557, 

Bought-----------------------------------------------------------------
54, 128, 489, 584, 

Number of illegal transfers--------------------------------------------------------------
3, 

-----------------------------------------------------------------
