Selected-----------------------------------------------------------------
12, 30, 104, 105, 106, 128, 186, 279, 363, 406, 481, 519, 548, 549, 584, 

Starting-----------------------------------------------------------------
30, 104, 128, 186, 279, 363, 406, 519, 548, 549, 584, 

Captain-----------------------------------------------------------------
584, 

Vice-Captain-----------------------------------------------------------------
186, 

Substitutes-----------------------------------------------------------------
481, 106, 105, 

Remaining budget-----------------------------------------------------------------
PREVIOUS GW: 5.6e+06
THIS GW: 4.6e+06

Sold-----------------------------------------------------------------
48, 300, 484, 558, 

Bought-----------------------------------------------------------------
30, 279, 519, 584, 

Number of illegal transfers--------------------------------------------------------------
3, 

-----------------------------------------------------------------
