Selected-----------------------------------------------------------------
37, 48, 92, 104, 105, 106, 158, 352, 397, 428, 484, 510, 561, 579, 583, 

Starting-----------------------------------------------------------------
37, 104, 105, 106, 158, 352, 397, 428, 484, 579, 583, 

Captain-----------------------------------------------------------------
105, 

Vice-Captain-----------------------------------------------------------------
397, 

Substitutes-----------------------------------------------------------------
92, 561, 510, 

Remaining budget-----------------------------------------------------------------
PREVIOUS GW: 5e+06
THIS GW: 2e+06

Sold-----------------------------------------------------------------
23, 211, 259, 520, 557, 606, 

Bought-----------------------------------------------------------------
37, 105, 106, 397, 579, 583, 

Number of illegal transfers--------------------------------------------------------------
5, 

-----------------------------------------------------------------
