Selected-----------------------------------------------------------------
48, 58, 106, 212, 241, 249, 271, 330, 335, 394, 399, 428, 548, 577, 592, 

Starting-----------------------------------------------------------------
58, 106, 249, 271, 330, 335, 394, 399, 428, 548, 577, 

Captain-----------------------------------------------------------------
330, 

Vice-Captain-----------------------------------------------------------------
106, 

Substitutes-----------------------------------------------------------------
592, 241, 212, 

Remaining budget-----------------------------------------------------------------
PREVIOUS GW: 4e+06
THIS GW: 300000

Sold-----------------------------------------------------------------
35, 75, 308, 455, 584, 

Bought-----------------------------------------------------------------
58, 249, 394, 399, 577, 

Number of illegal transfers--------------------------------------------------------------
4, 

-----------------------------------------------------------------
