Selected-----------------------------------------------------------------
12, 30, 75, 132, 164, 176, 237, 365, 415, 428, 455, 495, 557, 577, 610, 

Starting-----------------------------------------------------------------
12, 75, 164, 176, 365, 415, 428, 455, 495, 557, 577, 

Captain-----------------------------------------------------------------
428, 

Vice-Captain-----------------------------------------------------------------
75, 

Substitutes-----------------------------------------------------------------
237, 132, 610, 

Remaining budget-----------------------------------------------------------------
PREVIOUS GW: 5.8e+06
THIS GW: 800000

Sold-----------------------------------------------------------------
178, 229, 472, 522, 536, 548, 584, 

Bought-----------------------------------------------------------------
75, 164, 365, 415, 455, 557, 577, 

Number of illegal transfers--------------------------------------------------------------
6, 

-----------------------------------------------------------------
