Selected-----------------------------------------------------------------
12, 48, 75, 92, 100, 176, 241, 394, 428, 455, 489, 512, 557, 584, 621, 

Starting-----------------------------------------------------------------
12, 75, 176, 241, 394, 428, 455, 489, 512, 557, 584, 

Captain-----------------------------------------------------------------
584, 

Vice-Captain-----------------------------------------------------------------
455, 

Substitutes-----------------------------------------------------------------
92, 100, 621, 

Remaining budget-----------------------------------------------------------------
PREVIOUS GW: 1.5e+06
THIS GW: 3.7e+06

Sold-----------------------------------------------------------------
155, 164, 365, 522, 

Bought-----------------------------------------------------------------
176, 241, 489, 512, 

Number of illegal transfers--------------------------------------------------------------
3, 

-----------------------------------------------------------------
