Selected-----------------------------------------------------------------
12, 44, 92, 104, 106, 127, 271, 300, 352, 397, 481, 484, 548, 558, 598, 

Starting-----------------------------------------------------------------
12, 92, 104, 106, 127, 300, 481, 484, 548, 558, 598, 

Captain-----------------------------------------------------------------
558, 

Vice-Captain-----------------------------------------------------------------
300, 

Substitutes-----------------------------------------------------------------
397, 352, 271, 

Remaining budget-----------------------------------------------------------------
PREVIOUS GW: 5.3e+06
THIS GW: 1.16e+07

Sold-----------------------------------------------------------------
89, 105, 415, 583, 610, 

Bought-----------------------------------------------------------------
92, 104, 300, 558, 598, 

Number of illegal transfers--------------------------------------------------------------
4, 

-----------------------------------------------------------------
