Selected-----------------------------------------------------------------
8, 23, 75, 121, 137, 174, 269, 330, 394, 400, 405, 421, 565, 577, 606, 

Starting-----------------------------------------------------------------
23, 121, 137, 174, 269, 330, 394, 405, 421, 565, 577, 505, 567, 584, 620, 

Captain-----------------------------------------------------------------
394, 

Vice-Captain-----------------------------------------------------------------
330, 

Substitutes-----------------------------------------------------------------
400, 606, 330, 

Remaining budget-----------------------------------------------------------------
2.8e+06, 

Sold-----------------------------------------------------------------
74, 111, 281, 429, 558, 567, 551, 592, 372, 386, 427, 505, 567, 584, 620, 

Bought-----------------------------------------------------------------
174, 269, 394, 405, 565, 577, 558, 567, 329, 400, 440, 458, 559, 577, 582, 

Number of illegal transfers--------------------------------------------------------------
5, 

Wildcard used-----------------------------------------------------------------
0, 

Triple captain used-----------------------------------------------------------------
0, 

Bench boost used-----------------------------------------------------------------
0, 

Free hit used-----------------------------------------------------------------
0, 

-----------------------------------------------------------------
