Selected-----------------------------------------------------------------
12, 25, 92, 106, 241, 259, 267, 308, 330, 399, 455, 520, 548, 557, 577, 

Starting-----------------------------------------------------------------
25, 92, 106, 259, 308, 330, 399, 455, 520, 548, 557, 

Captain-----------------------------------------------------------------
520, 

Vice-Captain-----------------------------------------------------------------
548, 

Substitutes-----------------------------------------------------------------
577, 241, 267, 

Remaining budget-----------------------------------------------------------------
PREVIOUS GW: 1.7e+06
THIS GW: 4.8e+06

Sold-----------------------------------------------------------------
16, 75, 132, 394, 

Bought-----------------------------------------------------------------
25, 92, 259, 520, 

Number of illegal transfers--------------------------------------------------------------
3, 

-----------------------------------------------------------------
