Selected-----------------------------------------------------------------
12, 44, 106, 158, 211, 241, 259, 352, 365, 428, 484, 520, 548, 557, 561, 

Starting-----------------------------------------------------------------
44, 106, 211, 259, 352, 428, 484, 520, 548, 557, 561, 

Captain-----------------------------------------------------------------
484, 

Vice-Captain-----------------------------------------------------------------
352, 

Substitutes-----------------------------------------------------------------
365, 158, 241, 

Remaining budget-----------------------------------------------------------------
PREVIOUS GW: 100000
THIS GW: 4.5e+06

Sold-----------------------------------------------------------------
89, 330, 394, 592, 

Bought-----------------------------------------------------------------
211, 352, 484, 561, 

Number of illegal transfers--------------------------------------------------------------
3, 

-----------------------------------------------------------------
