Selected-----------------------------------------------------------------
15, 18, 75, 96, 106, 164, 221, 365, 394, 399, 428, 520, 552, 557, 592, 

Starting-----------------------------------------------------------------
18, 75, 106, 164, 365, 394, 399, 428, 520, 557, 592, 

Captain-----------------------------------------------------------------
428, 

Vice-Captain-----------------------------------------------------------------
557, 

Substitutes-----------------------------------------------------------------
96, 552, 221, 

Remaining budget-----------------------------------------------------------------
PREVIOUS GW: 3.4e+06
THIS GW: 1.4e+06

Sold-----------------------------------------------------------------
35, 455, 489, 548, 584, 

Bought-----------------------------------------------------------------
18, 399, 428, 552, 592, 

Number of illegal transfers--------------------------------------------------------------
4, 

-----------------------------------------------------------------
