Selected-----------------------------------------------------------------
24, 30, 104, 128, 176, 186, 259, 326, 330, 363, 428, 520, 549, 584, 608, 

Starting-----------------------------------------------------------------
24, 128, 186, 259, 326, 330, 363, 428, 549, 584, 608, 

Captain-----------------------------------------------------------------
549, 

Vice-Captain-----------------------------------------------------------------
584, 

Substitutes-----------------------------------------------------------------
104, 176, 520, 

Remaining budget-----------------------------------------------------------------
PREVIOUS GW: 1.6e+06
THIS GW: 3.1e+06

Sold-----------------------------------------------------------------
481, 522, 577, 606, 

Bought-----------------------------------------------------------------
326, 330, 584, 608, 

Number of illegal transfers--------------------------------------------------------------
3, 

-----------------------------------------------------------------
