Selected-----------------------------------------------------------------
12, 66, 104, 105, 106, 127, 128, 300, 428, 481, 484, 536, 548, 606, 608, 

Starting-----------------------------------------------------------------
12, 104, 105, 106, 127, 128, 428, 481, 484, 606, 608, 

Captain-----------------------------------------------------------------
128, 

Vice-Captain-----------------------------------------------------------------
104, 

Substitutes-----------------------------------------------------------------
548, 300, 536, 

Remaining budget-----------------------------------------------------------------
PREVIOUS GW: 600000
THIS GW: 900000

Sold-----------------------------------------------------------------
92, 271, 558, 583, 

Bought-----------------------------------------------------------------
104, 128, 606, 608, 

Number of illegal transfers--------------------------------------------------------------
3, 

-----------------------------------------------------------------
