Total expected points: 830.336
Selected-----------------------------------------------------------------
15, 44, 75, 93, 164, 167, 259, 365, 394, 397, 415, 428, 557, 616, 621, 

Starting-----------------------------------------------------------------
44, 75, 164, 167, 365, 394, 397, 415, 428, 557, 616, 

Captain-----------------------------------------------------------------
365, 

Vice-Captain-----------------------------------------------------------------
428, 

Substitutes-----------------------------------------------------------------
259, 93, 621, 

Remaining budget-----------------------------------------------------------------
-1.54221e-07, 

-----------------------------------------------------------------
