Selected-----------------------------------------------------------------
20, 24, 128, 131, 153, 222, 252, 330, 350, 352, 481, 531, 549, 581, 584, 

Starting-----------------------------------------------------------------
20, 131, 153, 252, 330, 350, 352, 481, 549, 581, 584, 

Captain-----------------------------------------------------------------
584, 

Vice-Captain-----------------------------------------------------------------
581, 

Substitutes-----------------------------------------------------------------
531, 222, 128, 

Remaining budget-----------------------------------------------------------------
PREVIOUS GW: 5.2e+06
THIS GW: 4.8e+06

Sold-----------------------------------------------------------------
259, 394, 484, 606, 

Bought-----------------------------------------------------------------
153, 330, 352, 581, 

Number of illegal transfers--------------------------------------------------------------
3, 

-----------------------------------------------------------------
