Selected-----------------------------------------------------------------
23, 30, 131, 164, 186, 252, 259, 281, 386, 394, 481, 484, 547, 549, 584, 

Starting-----------------------------------------------------------------
23, 131, 252, 259, 281, 394, 481, 484, 547, 549, 584, 

Captain-----------------------------------------------------------------
252, 

Vice-Captain-----------------------------------------------------------------
481, 

Substitutes-----------------------------------------------------------------
186, 164, 386, 

Remaining budget-----------------------------------------------------------------
PREVIOUS GW: 1.3e+06
THIS GW: 7.6e+06

Sold-----------------------------------------------------------------
24, 128, 363, 399, 606, 

Bought-----------------------------------------------------------------
23, 131, 281, 484, 547, 

Number of illegal transfers--------------------------------------------------------------
4, 

-----------------------------------------------------------------
