Selected-----------------------------------------------------------------
12, 48, 90, 104, 105, 106, 259, 352, 397, 399, 428, 484, 561, 579, 583, 

Starting-----------------------------------------------------------------
12, 104, 105, 106, 352, 397, 399, 428, 484, 579, 583, 

Captain-----------------------------------------------------------------
105, 

Vice-Captain-----------------------------------------------------------------
397, 

Substitutes-----------------------------------------------------------------
90, 561, 259, 

Remaining budget-----------------------------------------------------------------
PREVIOUS GW: 4.9e+06
THIS GW: 200000

Sold-----------------------------------------------------------------
211, 510, 520, 557, 606, 

Bought-----------------------------------------------------------------
105, 397, 399, 579, 583, 

Number of illegal transfers--------------------------------------------------------------
4, 

-----------------------------------------------------------------
