Selected-----------------------------------------------------------------
48, 58, 92, 104, 106, 213, 241, 330, 363, 394, 399, 455, 577, 584, 592, 

Starting-----------------------------------------------------------------
58, 104, 106, 241, 330, 363, 394, 399, 455, 577, 592, 

Captain-----------------------------------------------------------------
330, 

Vice-Captain-----------------------------------------------------------------
106, 

Substitutes-----------------------------------------------------------------
584, 92, 213, 

Remaining budget-----------------------------------------------------------------
PREVIOUS GW: 200000
THIS GW: 2.5e+06

Sold-----------------------------------------------------------------
44, 75, 308, 428, 557, 

Bought-----------------------------------------------------------------
58, 104, 363, 399, 577, 

Number of illegal transfers--------------------------------------------------------------
4, 

-----------------------------------------------------------------
