Selected-----------------------------------------------------------------
23, 30, 79, 186, 240, 252, 259, 352, 394, 402, 481, 484, 547, 549, 584, 

Starting-----------------------------------------------------------------
23, 79, 240, 252, 352, 394, 481, 484, 547, 549, 584, 

Captain-----------------------------------------------------------------
481, 

Vice-Captain-----------------------------------------------------------------
484, 

Substitutes-----------------------------------------------------------------
259, 186, 402, 

Remaining budget-----------------------------------------------------------------
PREVIOUS GW: 6e+06
THIS GW: 1.32e+07

Sold-----------------------------------------------------------------
125, 128, 399, 606, 

Bought-----------------------------------------------------------------
79, 240, 484, 547, 

Number of illegal transfers--------------------------------------------------------------
3, 

-----------------------------------------------------------------
