Selected-----------------------------------------------------------------
15, 54, 89, 128, 131, 183, 259, 365, 415, 489, 495, 522, 583, 584, 610, 

Starting-----------------------------------------------------------------
54, 89, 128, 131, 365, 415, 489, 495, 522, 583, 584, 

Captain-----------------------------------------------------------------
489, 

Vice-Captain-----------------------------------------------------------------
584, 

Substitutes-----------------------------------------------------------------
610, 259, 183, 

Remaining budget-----------------------------------------------------------------
PREVIOUS GW: 1.6e+06
THIS GW: 1.9e+06

Sold-----------------------------------------------------------------
37, 265, 274, 557, 

Bought-----------------------------------------------------------------
54, 128, 489, 584, 

Number of illegal transfers--------------------------------------------------------------
3, 

-----------------------------------------------------------------
