Selected-----------------------------------------------------------------
12, 25, 75, 106, 213, 241, 249, 330, 335, 344, 412, 455, 548, 584, 592, 

Starting-----------------------------------------------------------------
12, 106, 213, 249, 330, 335, 344, 412, 455, 548, 584, 

Captain-----------------------------------------------------------------
330, 

Vice-Captain-----------------------------------------------------------------
335, 

Substitutes-----------------------------------------------------------------
592, 241, 75, 

Remaining budget-----------------------------------------------------------------
PREVIOUS GW: 5.7e+06
THIS GW: 1.02e+07

Sold-----------------------------------------------------------------
92, 308, 365, 557, 

Bought-----------------------------------------------------------------
249, 335, 344, 548, 

Number of illegal transfers--------------------------------------------------------------
3, 

-----------------------------------------------------------------
