Selected-----------------------------------------------------------------
35, 52, 75, 131, 164, 198, 221, 365, 415, 495, 512, 536, 557, 577, 584, 

Starting-----------------------------------------------------------------
35, 75, 164, 198, 365, 415, 495, 512, 557, 577, 584, 

Captain-----------------------------------------------------------------
75, 

Vice-Captain-----------------------------------------------------------------
365, 

Substitutes-----------------------------------------------------------------
536, 131, 221, 

Remaining budget-----------------------------------------------------------------
PREVIOUS GW: 5.7e+06
THIS GW: 2.5e+06

Sold-----------------------------------------------------------------
25, 155, 176, 259, 522, 548, 

Bought-----------------------------------------------------------------
35, 75, 164, 198, 512, 577, 

Number of illegal transfers--------------------------------------------------------------
5, 

-----------------------------------------------------------------
