Selected-----------------------------------------------------------------
1, 37, 89, 131, 178, 259, 265, 361, 406, 415, 495, 522, 557, 584, 610, 

Starting-----------------------------------------------------------------
37, 131, 178, 259, 361, 406, 415, 495, 522, 557, 584, 

Captain-----------------------------------------------------------------
415, 

Vice-Captain-----------------------------------------------------------------
495, 

Substitutes-----------------------------------------------------------------
610, 89, 265, 

Remaining budget-----------------------------------------------------------------
PREVIOUS GW: 2.9e+06
THIS GW: 400000

Sold-----------------------------------------------------------------
177, 274, 365, 394, 472, 548, 583, 

Bought-----------------------------------------------------------------
131, 361, 406, 415, 495, 557, 584, 

Number of illegal transfers--------------------------------------------------------------
6, 

-----------------------------------------------------------------
