Selected-----------------------------------------------------------------
23, 48, 75, 104, 105, 106, 241, 352, 363, 397, 399, 428, 583, 592, 607, 

Starting-----------------------------------------------------------------
48, 104, 105, 106, 352, 363, 397, 399, 428, 583, 607, 

Captain-----------------------------------------------------------------
428, 

Vice-Captain-----------------------------------------------------------------
399, 

Substitutes-----------------------------------------------------------------
241, 592, 75, 

Remaining budget-----------------------------------------------------------------
PREVIOUS GW: 200000
THIS GW: 0

Sold-----------------------------------------------------------------
92, 259, 330, 484, 520, 557, 584, 

Bought-----------------------------------------------------------------
104, 105, 363, 397, 399, 583, 607, 

Number of illegal transfers--------------------------------------------------------------
6, 

-----------------------------------------------------------------
