Selected-----------------------------------------------------------------
23, 44, 92, 104, 106, 158, 163, 352, 363, 428, 519, 520, 548, 557, 606, 

Starting-----------------------------------------------------------------
44, 104, 158, 163, 352, 363, 428, 520, 548, 557, 606, 

Captain-----------------------------------------------------------------
428, 

Vice-Captain-----------------------------------------------------------------
557, 

Substitutes-----------------------------------------------------------------
106, 519, 92, 

Remaining budget-----------------------------------------------------------------
PREVIOUS GW: 4.7e+06
THIS GW: 3.4e+06

Sold-----------------------------------------------------------------
12, 75, 330, 394, 577, 

Bought-----------------------------------------------------------------
44, 158, 363, 428, 557, 

Number of illegal transfers--------------------------------------------------------------
4, 

-----------------------------------------------------------------
