Selected-----------------------------------------------------------------
10, 54, 75, 89, 128, 178, 259, 415, 472, 489, 495, 522, 583, 584, 610, 

Starting-----------------------------------------------------------------
54, 75, 128, 178, 415, 472, 489, 495, 522, 583, 584, 

Captain-----------------------------------------------------------------
489, 

Vice-Captain-----------------------------------------------------------------
584, 

Substitutes-----------------------------------------------------------------
89, 610, 259, 

Remaining budget-----------------------------------------------------------------
PREVIOUS GW: 2.5e+06
THIS GW: 2.8e+06

Sold-----------------------------------------------------------------
37, 265, 274, 557, 

Bought-----------------------------------------------------------------
54, 128, 489, 584, 

Number of illegal transfers--------------------------------------------------------------
3, 

-----------------------------------------------------------------
