Selected-----------------------------------------------------------------
12, 25, 90, 104, 176, 211, 259, 352, 363, 428, 484, 520, 557, 561, 606, 

Starting-----------------------------------------------------------------
25, 104, 211, 259, 352, 428, 484, 520, 557, 561, 606, 

Captain-----------------------------------------------------------------
484, 

Vice-Captain-----------------------------------------------------------------
352, 

Substitutes-----------------------------------------------------------------
363, 90, 176, 

Remaining budget-----------------------------------------------------------------
PREVIOUS GW: 100000
THIS GW: 1.8e+06

Sold-----------------------------------------------------------------
241, 330, 455, 548, 

Bought-----------------------------------------------------------------
211, 352, 484, 561, 

Number of illegal transfers--------------------------------------------------------------
3, 

-----------------------------------------------------------------
