Selected-----------------------------------------------------------------
24, 33, 131, 186, 205, 252, 259, 330, 394, 466, 481, 484, 549, 581, 584, 

Starting-----------------------------------------------------------------
24, 131, 205, 252, 330, 394, 481, 484, 549, 581, 584, 

Captain-----------------------------------------------------------------
584, 

Vice-Captain-----------------------------------------------------------------
581, 

Substitutes-----------------------------------------------------------------
466, 259, 186, 

Remaining budget-----------------------------------------------------------------
PREVIOUS GW: 900000
THIS GW: 300000

Sold-----------------------------------------------------------------
125, 128, 399, 606, 

Bought-----------------------------------------------------------------
131, 205, 330, 581, 

Number of illegal transfers--------------------------------------------------------------
3, 

-----------------------------------------------------------------
