Selected-----------------------------------------------------------------
1, 30, 78, 106, 131, 171, 177, 338, 350, 394, 406, 484, 549, 557, 581, 

Starting-----------------------------------------------------------------
1, 78, 106, 131, 171, 350, 406, 484, 549, 557, 581, 

Captain-----------------------------------------------------------------
1, 

Vice-Captain-----------------------------------------------------------------
106, 

Substitutes-----------------------------------------------------------------
177, 394, 338, 

Remaining budget-----------------------------------------------------------------
PREVIOUS GW: 4.7e+06
THIS GW: 2.2e+06

Sold-----------------------------------------------------------------
9, 154, 237, 489, 584, 

Bought-----------------------------------------------------------------
1, 78, 106, 406, 549, 

Number of illegal transfers--------------------------------------------------------------
4, 

-----------------------------------------------------------------
