Selected-----------------------------------------------------------------
52, 54, 75, 92, 106, 164, 241, 344, 394, 428, 455, 512, 548, 557, 584, 

Starting-----------------------------------------------------------------
54, 75, 106, 241, 344, 394, 455, 512, 548, 557, 584, 

Captain-----------------------------------------------------------------
455, 

Vice-Captain-----------------------------------------------------------------
584, 

Substitutes-----------------------------------------------------------------
428, 164, 92, 

Remaining budget-----------------------------------------------------------------
PREVIOUS GW: 3.8e+06
THIS GW: 1.1e+06

Sold-----------------------------------------------------------------
12, 93, 308, 365, 621, 

Bought-----------------------------------------------------------------
54, 106, 344, 512, 548, 

Number of illegal transfers--------------------------------------------------------------
4, 

-----------------------------------------------------------------
