Selected-----------------------------------------------------------------
24, 66, 104, 106, 127, 128, 249, 481, 484, 520, 522, 536, 583, 606, 610, 

Starting-----------------------------------------------------------------
24, 104, 106, 127, 128, 481, 484, 520, 583, 606, 610, 

Captain-----------------------------------------------------------------
481, 

Vice-Captain-----------------------------------------------------------------
128, 

Substitutes-----------------------------------------------------------------
522, 536, 249, 

Remaining budget-----------------------------------------------------------------
PREVIOUS GW: 500000
THIS GW: 2.6e+06

Sold-----------------------------------------------------------------
18, 234, 428, 558, 

Bought-----------------------------------------------------------------
24, 128, 484, 606, 

Number of illegal transfers--------------------------------------------------------------
3, 

-----------------------------------------------------------------
