Selected-----------------------------------------------------------------
25, 35, 75, 164, 198, 241, 267, 308, 365, 455, 489, 512, 548, 557, 584, 

Starting-----------------------------------------------------------------
25, 75, 241, 267, 308, 365, 455, 489, 512, 557, 584, 

Captain-----------------------------------------------------------------
455, 

Vice-Captain-----------------------------------------------------------------
241, 

Substitutes-----------------------------------------------------------------
164, 198, 548, 

Remaining budget-----------------------------------------------------------------
PREVIOUS GW: 500000
THIS GW: 3.6e+06

Sold-----------------------------------------------------------------
52, 128, 428, 610, 

Bought-----------------------------------------------------------------
25, 241, 455, 584, 

Number of illegal transfers--------------------------------------------------------------
3, 

-----------------------------------------------------------------
