Selected-----------------------------------------------------------------
23, 54, 92, 104, 106, 163, 259, 330, 352, 363, 519, 520, 548, 577, 606, 

Starting-----------------------------------------------------------------
23, 104, 163, 259, 330, 352, 363, 519, 520, 548, 606, 

Captain-----------------------------------------------------------------
520, 

Vice-Captain-----------------------------------------------------------------
606, 

Substitutes-----------------------------------------------------------------
577, 106, 92, 

Remaining budget-----------------------------------------------------------------
PREVIOUS GW: 4.2e+06
THIS GW: 6.9e+06

Sold-----------------------------------------------------------------
12, 241, 394, 412, 455, 558, 

Bought-----------------------------------------------------------------
23, 259, 352, 519, 520, 606, 

Number of illegal transfers--------------------------------------------------------------
5, 

-----------------------------------------------------------------
