Selected-----------------------------------------------------------------
25, 48, 105, 106, 124, 211, 241, 363, 397, 428, 484, 520, 557, 579, 583, 

Starting-----------------------------------------------------------------
48, 105, 106, 241, 363, 397, 428, 484, 557, 579, 583, 

Captain-----------------------------------------------------------------
105, 

Vice-Captain-----------------------------------------------------------------
397, 

Substitutes-----------------------------------------------------------------
520, 211, 124, 

Remaining budget-----------------------------------------------------------------
PREVIOUS GW: 2.1e+06
THIS GW: 0

Sold-----------------------------------------------------------------
176, 267, 352, 561, 606, 

Bought-----------------------------------------------------------------
105, 106, 397, 579, 583, 

Number of illegal transfers--------------------------------------------------------------
4, 

-----------------------------------------------------------------
