Selected-----------------------------------------------------------------
12, 48, 75, 104, 106, 210, 249, 330, 363, 399, 428, 455, 548, 577, 592, 

Starting-----------------------------------------------------------------
12, 104, 106, 249, 330, 363, 399, 428, 548, 577, 592, 

Captain-----------------------------------------------------------------
330, 

Vice-Captain-----------------------------------------------------------------
428, 

Substitutes-----------------------------------------------------------------
210, 75, 455, 

Remaining budget-----------------------------------------------------------------
PREVIOUS GW: 8.7e+06
THIS GW: 300000

Sold-----------------------------------------------------------------
164, 352, 512, 520, 

Bought-----------------------------------------------------------------
249, 363, 399, 428, 

Number of illegal transfers--------------------------------------------------------------
3, 

-----------------------------------------------------------------
