Total expected points: 217.105
Selected-----------------------------------------------------------------
18, 58, 93, 96, 106, 267, 271, 338, 352, 449, 489, 495, 557, 561, 583, 

Starting-----------------------------------------------------------------
58, 93, 96, 106, 338, 352, 449, 489, 495, 561, 583, 

Captain-----------------------------------------------------------------
338, 

Vice-Captain-----------------------------------------------------------------
583, 

Substitutes-----------------------------------------------------------------
271, 267, 557, 

Remaining budget-----------------------------------------------------------------
4.8e+06, 

-----------------------------------------------------------------
