Selected-----------------------------------------------------------------
35, 48, 104, 105, 106, 211, 241, 352, 363, 397, 428, 484, 548, 579, 583, 

Starting-----------------------------------------------------------------
48, 104, 105, 106, 352, 363, 397, 428, 484, 579, 583, 

Captain-----------------------------------------------------------------
105, 

Vice-Captain-----------------------------------------------------------------
397, 

Substitutes-----------------------------------------------------------------
241, 548, 211, 

Remaining budget-----------------------------------------------------------------
PREVIOUS GW: 1.3e+06
THIS GW: 1.9e+06

Sold-----------------------------------------------------------------
124, 520, 557, 606, 

Bought-----------------------------------------------------------------
105, 397, 579, 583, 

Number of illegal transfers--------------------------------------------------------------
3, 

-----------------------------------------------------------------
