Selected-----------------------------------------------------------------
12, 48, 104, 105, 108, 127, 128, 300, 361, 428, 481, 520, 583, 606, 608, 

Starting-----------------------------------------------------------------
12, 104, 105, 108, 127, 128, 361, 428, 481, 606, 608, 

Captain-----------------------------------------------------------------
128, 

Vice-Captain-----------------------------------------------------------------
104, 

Substitutes-----------------------------------------------------------------
583, 520, 300, 

Remaining budget-----------------------------------------------------------------
PREVIOUS GW: 1.9e+06
THIS GW: 1.1e+06

Sold-----------------------------------------------------------------
90, 92, 536, 558, 

Bought-----------------------------------------------------------------
108, 128, 361, 608, 

Number of illegal transfers--------------------------------------------------------------
3, 

-----------------------------------------------------------------
