Selected-----------------------------------------------------------------
12, 48, 104, 105, 176, 211, 271, 352, 397, 415, 481, 520, 583, 606, 615, 

Starting-----------------------------------------------------------------
12, 104, 105, 271, 397, 415, 481, 520, 583, 606, 615, 

Captain-----------------------------------------------------------------
481, 

Vice-Captain-----------------------------------------------------------------
415, 

Substitutes-----------------------------------------------------------------
176, 352, 211, 

Remaining budget-----------------------------------------------------------------
PREVIOUS GW: 5.1e+06
THIS GW: 5.5e+06

Sold-----------------------------------------------------------------
267, 428, 484, 579, 

Bought-----------------------------------------------------------------
271, 415, 481, 606, 

Number of illegal transfers--------------------------------------------------------------
3, 

-----------------------------------------------------------------
