Selected-----------------------------------------------------------------
25, 58, 75, 104, 106, 213, 241, 315, 330, 394, 399, 455, 548, 577, 584, 

Starting-----------------------------------------------------------------
58, 75, 104, 106, 315, 330, 394, 399, 548, 577, 584, 

Captain-----------------------------------------------------------------
330, 

Vice-Captain-----------------------------------------------------------------
106, 

Substitutes-----------------------------------------------------------------
213, 241, 455, 

Remaining budget-----------------------------------------------------------------
PREVIOUS GW: 1.3e+06
THIS GW: 1.8e+06

Sold-----------------------------------------------------------------
35, 164, 308, 365, 

Bought-----------------------------------------------------------------
58, 104, 315, 399, 

Number of illegal transfers--------------------------------------------------------------
3, 

-----------------------------------------------------------------
