Selected-----------------------------------------------------------------
12, 54, 75, 106, 164, 176, 241, 330, 365, 394, 455, 495, 557, 577, 621, 

Starting-----------------------------------------------------------------
12, 75, 106, 164, 330, 365, 394, 455, 495, 557, 577, 

Captain-----------------------------------------------------------------
394, 

Vice-Captain-----------------------------------------------------------------
330, 

Substitutes-----------------------------------------------------------------
241, 176, 621, 

Remaining budget-----------------------------------------------------------------
PREVIOUS GW: 6.2e+06
THIS GW: 2.3e+06

Sold-----------------------------------------------------------------
92, 489, 512, 584, 

Bought-----------------------------------------------------------------
106, 330, 365, 577, 

Number of illegal transfers--------------------------------------------------------------
3, 

-----------------------------------------------------------------
