Selected-----------------------------------------------------------------
20, 48, 104, 128, 131, 186, 252, 330, 350, 402, 481, 484, 549, 576, 584, 

Starting-----------------------------------------------------------------
20, 104, 131, 186, 330, 350, 481, 484, 549, 576, 584, 

Captain-----------------------------------------------------------------
576, 

Vice-Captain-----------------------------------------------------------------
584, 

Substitutes-----------------------------------------------------------------
402, 252, 128, 

Remaining budget-----------------------------------------------------------------
PREVIOUS GW: 6.3e+06
THIS GW: 3.2e+06

Sold-----------------------------------------------------------------
259, 363, 531, 577, 

Bought-----------------------------------------------------------------
131, 330, 350, 576, 

Number of illegal transfers--------------------------------------------------------------
3, 

-----------------------------------------------------------------
