Selected-----------------------------------------------------------------
8, 37, 74, 96, 105, 127, 144, 282, 330, 400, 406, 463, 545, 566, 606, 

Starting-----------------------------------------------------------------
8, 96, 105, 127, 144, 282, 400, 406, 463, 545, 566, 505, 567, 584, 620, 

Captain-----------------------------------------------------------------
400, 

Vice-Captain-----------------------------------------------------------------
96, 

Substitutes-----------------------------------------------------------------
330, 606, 74, 

Remaining budget-----------------------------------------------------------------
2.1e+06, 

Sold-----------------------------------------------------------------
152, 164, 180, 409, 414, 556, 601, 279, 372, 386, 427, 505, 567, 584, 620, 

Bought-----------------------------------------------------------------
96, 127, 144, 400, 463, 566, 556, 286, 329, 400, 440, 458, 559, 577, 582, 

Number of illegal transfers--------------------------------------------------------------
4, 

Wildcard used-----------------------------------------------------------------
0, 

Triple captain used-----------------------------------------------------------------
0, 

Bench boost used-----------------------------------------------------------------
0, 

Free hit used-----------------------------------------------------------------
0, 

-----------------------------------------------------------------
