Selected-----------------------------------------------------------------
16, 18, 92, 104, 106, 167, 241, 363, 399, 428, 484, 520, 583, 592, 607, 

Starting-----------------------------------------------------------------
18, 104, 106, 167, 363, 399, 428, 484, 520, 583, 607, 

Captain-----------------------------------------------------------------
583, 

Vice-Captain-----------------------------------------------------------------
428, 

Substitutes-----------------------------------------------------------------
592, 92, 241, 

Remaining budget-----------------------------------------------------------------
PREVIOUS GW: 100000
THIS GW: 100000

Sold-----------------------------------------------------------------
48, 164, 352, 557, 

Bought-----------------------------------------------------------------
18, 167, 399, 607, 

Number of illegal transfers--------------------------------------------------------------
3, 

-----------------------------------------------------------------
