Selected-----------------------------------------------------------------
24, 30, 131, 154, 171, 177, 237, 338, 350, 394, 484, 489, 549, 557, 581, 

Starting-----------------------------------------------------------------
30, 131, 154, 171, 177, 237, 394, 484, 489, 549, 581, 

Captain-----------------------------------------------------------------
484, 

Vice-Captain-----------------------------------------------------------------
171, 

Substitutes-----------------------------------------------------------------
557, 338, 350, 

Remaining budget-----------------------------------------------------------------
PREVIOUS GW: 4.7e+06
THIS GW: 8.6e+06

Sold-----------------------------------------------------------------
35, 205, 252, 584, 

Bought-----------------------------------------------------------------
30, 154, 237, 549, 

Number of illegal transfers--------------------------------------------------------------
3, 

-----------------------------------------------------------------
