Selected-----------------------------------------------------------------
24, 48, 104, 127, 128, 176, 259, 363, 415, 481, 484, 522, 548, 606, 608, 

Starting-----------------------------------------------------------------
48, 128, 176, 259, 363, 415, 481, 484, 548, 606, 608, 

Captain-----------------------------------------------------------------
606, 

Vice-Captain-----------------------------------------------------------------
481, 

Substitutes-----------------------------------------------------------------
104, 127, 522, 

Remaining budget-----------------------------------------------------------------
PREVIOUS GW: 600000
THIS GW: 800000

Sold-----------------------------------------------------------------
106, 300, 330, 552, 583, 584, 

Bought-----------------------------------------------------------------
259, 363, 484, 548, 606, 608, 

Number of illegal transfers--------------------------------------------------------------
5, 

-----------------------------------------------------------------
