Selected-----------------------------------------------------------------
15, 44, 92, 104, 105, 167, 241, 352, 363, 428, 484, 520, 557, 583, 592, 

Starting-----------------------------------------------------------------
44, 104, 105, 167, 352, 363, 428, 484, 520, 557, 583, 

Captain-----------------------------------------------------------------
428, 

Vice-Captain-----------------------------------------------------------------
557, 

Substitutes-----------------------------------------------------------------
592, 241, 92, 

Remaining budget-----------------------------------------------------------------
PREVIOUS GW: 800000
THIS GW: 400000

Sold-----------------------------------------------------------------
25, 75, 176, 330, 548, 

Bought-----------------------------------------------------------------
44, 105, 167, 363, 583, 

Number of illegal transfers--------------------------------------------------------------
4, 

-----------------------------------------------------------------
