Selected-----------------------------------------------------------------
23, 50, 75, 96, 174, 186, 269, 330, 386, 405, 421, 489, 567, 586, 599, 

Starting-----------------------------------------------------------------
23, 75, 174, 269, 330, 386, 405, 421, 489, 567, 586, 

Captain-----------------------------------------------------------------
405, 

Vice-Captain-----------------------------------------------------------------
174, 

Substitutes-----------------------------------------------------------------
599, 186, 96, 

Remaining budget-----------------------------------------------------------------
PREVIOUS GW: 3.9e+06
THIS GW: 2.8e+06

Sold-----------------------------------------------------------------
26, 400, 415, 592, 

Bought-----------------------------------------------------------------
23, 386, 405, 567, 

Number of illegal transfers--------------------------------------------------------------
3, 

-----------------------------------------------------------------
