Selected-----------------------------------------------------------------
12, 30, 75, 104, 106, 241, 267, 330, 363, 394, 428, 455, 548, 577, 592, 

Starting-----------------------------------------------------------------
12, 75, 104, 106, 241, 330, 363, 394, 428, 577, 592, 

Captain-----------------------------------------------------------------
330, 

Vice-Captain-----------------------------------------------------------------
106, 

Substitutes-----------------------------------------------------------------
455, 267, 548, 

Remaining budget-----------------------------------------------------------------
PREVIOUS GW: 1.7e+06
THIS GW: 600000

Sold-----------------------------------------------------------------
164, 178, 344, 584, 

Bought-----------------------------------------------------------------
104, 106, 363, 577, 

Number of illegal transfers--------------------------------------------------------------
3, 

-----------------------------------------------------------------
