Selected-----------------------------------------------------------------
24, 66, 104, 105, 106, 127, 128, 352, 363, 428, 481, 522, 548, 598, 606, 

Starting-----------------------------------------------------------------
24, 104, 127, 128, 363, 428, 481, 522, 548, 598, 606, 

Captain-----------------------------------------------------------------
548, 

Vice-Captain-----------------------------------------------------------------
598, 

Substitutes-----------------------------------------------------------------
106, 105, 352, 

Remaining budget-----------------------------------------------------------------
PREVIOUS GW: 1.4e+06
THIS GW: 1.2e+06

Sold-----------------------------------------------------------------
415, 484, 584, 607, 

Bought-----------------------------------------------------------------
363, 428, 548, 598, 

Number of illegal transfers--------------------------------------------------------------
3, 

-----------------------------------------------------------------
