Selected-----------------------------------------------------------------
12, 48, 104, 105, 106, 128, 186, 279, 300, 363, 406, 481, 549, 558, 598, 

Starting-----------------------------------------------------------------
12, 104, 106, 128, 186, 279, 363, 406, 549, 558, 598, 

Captain-----------------------------------------------------------------
363, 

Vice-Captain-----------------------------------------------------------------
186, 

Substitutes-----------------------------------------------------------------
300, 105, 481, 

Remaining budget-----------------------------------------------------------------
PREVIOUS GW: 4.3e+06
THIS GW: 7.9e+06

Sold-----------------------------------------------------------------
127, 484, 536, 606, 

Bought-----------------------------------------------------------------
186, 279, 363, 549, 

Number of illegal transfers--------------------------------------------------------------
3, 

-----------------------------------------------------------------
