Selected-----------------------------------------------------------------
12, 48, 105, 106, 158, 210, 241, 352, 363, 399, 428, 484, 557, 561, 579, 

Starting-----------------------------------------------------------------
48, 105, 106, 158, 352, 363, 399, 428, 484, 557, 579, 

Captain-----------------------------------------------------------------
428, 

Vice-Captain-----------------------------------------------------------------
557, 

Substitutes-----------------------------------------------------------------
561, 210, 241, 

Remaining budget-----------------------------------------------------------------
PREVIOUS GW: 2.2e+06
THIS GW: 0

Sold-----------------------------------------------------------------
176, 259, 520, 548, 

Bought-----------------------------------------------------------------
105, 158, 363, 579, 

Number of illegal transfers--------------------------------------------------------------
3, 

-----------------------------------------------------------------
