Selected-----------------------------------------------------------------
12, 48, 90, 104, 105, 127, 271, 300, 397, 428, 481, 484, 558, 579, 583, 

Starting-----------------------------------------------------------------
12, 104, 105, 127, 300, 397, 428, 481, 484, 558, 583, 

Captain-----------------------------------------------------------------
558, 

Vice-Captain-----------------------------------------------------------------
104, 

Substitutes-----------------------------------------------------------------
90, 271, 579, 

Remaining budget-----------------------------------------------------------------
PREVIOUS GW: 1.5e+06
THIS GW: 600000

Sold-----------------------------------------------------------------
234, 405, 427, 548, 

Bought-----------------------------------------------------------------
104, 300, 428, 558, 

Number of illegal transfers--------------------------------------------------------------
3, 

-----------------------------------------------------------------
