Selected-----------------------------------------------------------------
30, 54, 106, 128, 176, 186, 259, 279, 330, 363, 512, 519, 548, 584, 606, 

Starting-----------------------------------------------------------------
54, 128, 176, 259, 330, 363, 512, 519, 548, 584, 606, 

Captain-----------------------------------------------------------------
259, 

Vice-Captain-----------------------------------------------------------------
606, 

Substitutes-----------------------------------------------------------------
279, 186, 106, 

Remaining budget-----------------------------------------------------------------
PREVIOUS GW: 2.3e+06
THIS GW: 2.7e+06

Sold-----------------------------------------------------------------
12, 108, 428, 549, 

Bought-----------------------------------------------------------------
54, 259, 512, 606, 

Number of illegal transfers--------------------------------------------------------------
3, 

-----------------------------------------------------------------
