Selected-----------------------------------------------------------------
24, 48, 104, 106, 127, 128, 234, 277, 397, 481, 519, 522, 583, 584, 606, 

Starting-----------------------------------------------------------------
24, 104, 106, 127, 128, 481, 519, 522, 583, 584, 606, 

Captain-----------------------------------------------------------------
481, 

Vice-Captain-----------------------------------------------------------------
128, 

Substitutes-----------------------------------------------------------------
277, 234, 397, 

Remaining budget-----------------------------------------------------------------
PREVIOUS GW: 100000
THIS GW: 0

Sold-----------------------------------------------------------------
18, 428, 548, 552, 

Bought-----------------------------------------------------------------
24, 519, 584, 606, 

Number of illegal transfers--------------------------------------------------------------
3, 

-----------------------------------------------------------------
