Selected-----------------------------------------------------------------
12, 24, 121, 128, 131, 252, 259, 352, 386, 481, 484, 531, 547, 549, 584, 

Starting-----------------------------------------------------------------
24, 131, 252, 259, 352, 481, 484, 531, 547, 549, 584, 

Captain-----------------------------------------------------------------
549, 

Vice-Captain-----------------------------------------------------------------
584, 

Substitutes-----------------------------------------------------------------
128, 121, 386, 

Remaining budget-----------------------------------------------------------------
PREVIOUS GW: 7.6e+06
THIS GW: 1.21e+07

Sold-----------------------------------------------------------------
186, 222, 399, 577, 

Bought-----------------------------------------------------------------
131, 252, 484, 547, 

Number of illegal transfers--------------------------------------------------------------
3, 

-----------------------------------------------------------------
