Selected-----------------------------------------------------------------
20, 30, 121, 131, 177, 252, 259, 281, 394, 481, 484, 489, 576, 581, 584, 

Starting-----------------------------------------------------------------
20, 131, 177, 259, 281, 394, 481, 484, 489, 576, 581, 

Captain-----------------------------------------------------------------
489, 

Vice-Captain-----------------------------------------------------------------
481, 

Substitutes-----------------------------------------------------------------
584, 252, 121, 

Remaining budget-----------------------------------------------------------------
PREVIOUS GW: 300000
THIS GW: 0

Sold-----------------------------------------------------------------
128, 330, 363, 531, 

Bought-----------------------------------------------------------------
177, 281, 394, 489, 

Number of illegal transfers--------------------------------------------------------------
3, 

-----------------------------------------------------------------
