Selected-----------------------------------------------------------------
30, 48, 125, 128, 186, 222, 259, 399, 428, 451, 481, 519, 577, 584, 606, 

Starting-----------------------------------------------------------------
48, 125, 128, 259, 399, 428, 451, 481, 577, 584, 606, 

Captain-----------------------------------------------------------------
399, 

Vice-Captain-----------------------------------------------------------------
606, 

Substitutes-----------------------------------------------------------------
186, 222, 519, 

Remaining budget-----------------------------------------------------------------
PREVIOUS GW: 2.7e+06
THIS GW: 2.2e+06

Sold-----------------------------------------------------------------
176, 279, 330, 363, 548, 

Bought-----------------------------------------------------------------
125, 428, 451, 481, 577, 

Number of illegal transfers--------------------------------------------------------------
4, 

-----------------------------------------------------------------
