Selected-----------------------------------------------------------------
42, 50, 78, 186, 192, 232, 236, 309, 400, 405, 415, 440, 581, 601, 606, 

Starting-----------------------------------------------------------------
50, 78, 186, 192, 236, 309, 400, 405, 415, 440, 581, 505, 567, 584, 620, 

Captain-----------------------------------------------------------------
581, 

Vice-Captain-----------------------------------------------------------------
186, 

Substitutes-----------------------------------------------------------------
606, 601, 186, 

Remaining budget-----------------------------------------------------------------
1.2e+06, 

Sold-----------------------------------------------------------------
245, 286, 414, 458, 541, 582, 261, 279, 372, 386, 427, 505, 567, 584, 620, 

Bought-----------------------------------------------------------------
78, 309, 405, 415, 581, 601, 245, 286, 329, 400, 440, 458, 559, 577, 582, 

Number of illegal transfers--------------------------------------------------------------
5, 

Wildcard used-----------------------------------------------------------------
0, 

Triple captain used-----------------------------------------------------------------
0, 

Bench boost used-----------------------------------------------------------------
0, 

Free hit used-----------------------------------------------------------------
0, 

-----------------------------------------------------------------
