Selected-----------------------------------------------------------------
35, 52, 75, 89, 164, 198, 267, 365, 406, 428, 455, 512, 584, 592, 610, 

Starting-----------------------------------------------------------------
35, 75, 164, 198, 267, 365, 406, 428, 455, 512, 592, 

Captain-----------------------------------------------------------------
512, 

Vice-Captain-----------------------------------------------------------------
365, 

Substitutes-----------------------------------------------------------------
584, 89, 610, 

Remaining budget-----------------------------------------------------------------
PREVIOUS GW: 2.8e+06
THIS GW: 200000

Sold-----------------------------------------------------------------
54, 128, 131, 176, 489, 495, 522, 548, 

Bought-----------------------------------------------------------------
35, 164, 198, 267, 428, 455, 512, 592, 

Number of illegal transfers--------------------------------------------------------------
7, 

-----------------------------------------------------------------
