Selected-----------------------------------------------------------------
12, 23, 106, 108, 128, 176, 186, 279, 363, 406, 481, 484, 548, 549, 598, 

Starting-----------------------------------------------------------------
12, 106, 108, 128, 186, 279, 363, 406, 548, 549, 598, 

Captain-----------------------------------------------------------------
363, 

Vice-Captain-----------------------------------------------------------------
186, 

Substitutes-----------------------------------------------------------------
176, 481, 484, 

Remaining budget-----------------------------------------------------------------
PREVIOUS GW: 3.2e+06
THIS GW: 5.4e+06

Sold-----------------------------------------------------------------
104, 361, 520, 606, 

Bought-----------------------------------------------------------------
186, 279, 363, 549, 

Number of illegal transfers--------------------------------------------------------------
3, 

-----------------------------------------------------------------
