Selected-----------------------------------------------------------------
12, 48, 104, 106, 136, 158, 167, 330, 363, 397, 399, 428, 552, 583, 614, 

Starting-----------------------------------------------------------------
12, 104, 106, 158, 167, 330, 363, 397, 399, 428, 583, 

Captain-----------------------------------------------------------------
583, 

Vice-Captain-----------------------------------------------------------------
428, 

Substitutes-----------------------------------------------------------------
552, 614, 136, 

Remaining budget-----------------------------------------------------------------
PREVIOUS GW: 300000
THIS GW: 0

Sold-----------------------------------------------------------------
23, 241, 352, 592, 

Bought-----------------------------------------------------------------
12, 136, 397, 614, 

Number of illegal transfers--------------------------------------------------------------
3, 

-----------------------------------------------------------------
