Selected-----------------------------------------------------------------
12, 44, 90, 105, 106, 234, 271, 352, 405, 481, 484, 510, 579, 583, 607, 

Starting-----------------------------------------------------------------
12, 105, 106, 234, 271, 352, 405, 481, 484, 579, 583, 

Captain-----------------------------------------------------------------
481, 

Vice-Captain-----------------------------------------------------------------
484, 

Substitutes-----------------------------------------------------------------
90, 510, 607, 

Remaining budget-----------------------------------------------------------------
PREVIOUS GW: 2.6e+06
THIS GW: 6.5e+06

Sold-----------------------------------------------------------------
89, 104, 399, 428, 

Bought-----------------------------------------------------------------
234, 271, 405, 481, 

Number of illegal transfers--------------------------------------------------------------
3, 

-----------------------------------------------------------------
