Selected-----------------------------------------------------------------
12, 30, 90, 104, 127, 234, 271, 427, 428, 481, 520, 522, 558, 583, 607, 

Starting-----------------------------------------------------------------
12, 104, 127, 271, 427, 428, 481, 522, 558, 583, 607, 

Captain-----------------------------------------------------------------
583, 

Vice-Captain-----------------------------------------------------------------
481, 

Substitutes-----------------------------------------------------------------
234, 520, 90, 

Remaining budget-----------------------------------------------------------------
PREVIOUS GW: 1.4e+06
THIS GW: 600000

Sold-----------------------------------------------------------------
18, 105, 397, 484, 

Bought-----------------------------------------------------------------
12, 271, 428, 522, 

Number of illegal transfers--------------------------------------------------------------
3, 

-----------------------------------------------------------------
