Selected-----------------------------------------------------------------
25, 58, 90, 104, 241, 249, 259, 330, 352, 399, 428, 520, 548, 557, 577, 

Starting-----------------------------------------------------------------
25, 90, 104, 259, 330, 399, 428, 520, 548, 557, 577, 

Captain-----------------------------------------------------------------
428, 

Vice-Captain-----------------------------------------------------------------
557, 

Substitutes-----------------------------------------------------------------
352, 249, 241, 

Remaining budget-----------------------------------------------------------------
PREVIOUS GW: 1.5e+06
THIS GW: 600000

Sold-----------------------------------------------------------------
106, 271, 335, 581, 

Bought-----------------------------------------------------------------
90, 104, 428, 557, 

Number of illegal transfers--------------------------------------------------------------
3, 

-----------------------------------------------------------------
