Selected-----------------------------------------------------------------
48, 66, 90, 105, 106, 234, 271, 352, 397, 415, 427, 481, 579, 583, 606, 

Starting-----------------------------------------------------------------
66, 105, 106, 234, 271, 397, 415, 427, 481, 583, 606, 

Captain-----------------------------------------------------------------
481, 

Vice-Captain-----------------------------------------------------------------
415, 

Substitutes-----------------------------------------------------------------
90, 352, 579, 

Remaining budget-----------------------------------------------------------------
PREVIOUS GW: 1.3e+06
THIS GW: 2.4e+06

Sold-----------------------------------------------------------------
12, 104, 259, 428, 484, 561, 

Bought-----------------------------------------------------------------
66, 234, 271, 415, 481, 606, 

Number of illegal transfers--------------------------------------------------------------
5, 

-----------------------------------------------------------------
