Selected-----------------------------------------------------------------
12, 66, 105, 106, 167, 234, 271, 397, 415, 427, 481, 520, 579, 583, 606, 

Starting-----------------------------------------------------------------
66, 106, 234, 271, 397, 415, 427, 481, 520, 583, 606, 

Captain-----------------------------------------------------------------
481, 

Vice-Captain-----------------------------------------------------------------
415, 

Substitutes-----------------------------------------------------------------
105, 579, 167, 

Remaining budget-----------------------------------------------------------------
PREVIOUS GW: 3.5e+06
THIS GW: 0

Sold-----------------------------------------------------------------
37, 104, 176, 352, 484, 510, 561, 

Bought-----------------------------------------------------------------
66, 234, 271, 415, 481, 520, 606, 

Number of illegal transfers--------------------------------------------------------------
6, 

-----------------------------------------------------------------
