Selected-----------------------------------------------------------------
44, 48, 101, 127, 167, 176, 234, 352, 428, 481, 484, 536, 548, 552, 583, 

Starting-----------------------------------------------------------------
48, 127, 176, 234, 352, 428, 481, 484, 536, 548, 583, 

Captain-----------------------------------------------------------------
484, 

Vice-Captain-----------------------------------------------------------------
481, 

Substitutes-----------------------------------------------------------------
552, 167, 101, 

Remaining budget-----------------------------------------------------------------
PREVIOUS GW: 2.1e+06
THIS GW: 3.7e+06

Sold-----------------------------------------------------------------
106, 241, 520, 606, 

Bought-----------------------------------------------------------------
176, 234, 536, 548, 

Number of illegal transfers--------------------------------------------------------------
3, 

-----------------------------------------------------------------
