Selected-----------------------------------------------------------------
48, 58, 105, 106, 167, 234, 271, 415, 428, 481, 484, 510, 579, 583, 592, 

Starting-----------------------------------------------------------------
48, 105, 106, 234, 271, 415, 428, 481, 484, 510, 583, 

Captain-----------------------------------------------------------------
481, 

Vice-Captain-----------------------------------------------------------------
484, 

Substitutes-----------------------------------------------------------------
579, 167, 592, 

Remaining budget-----------------------------------------------------------------
PREVIOUS GW: 1.7e+06
THIS GW: 300000

Sold-----------------------------------------------------------------
104, 212, 352, 399, 

Bought-----------------------------------------------------------------
234, 271, 415, 481, 

Number of illegal transfers--------------------------------------------------------------
3, 

-----------------------------------------------------------------
