Selected-----------------------------------------------------------------
12, 52, 92, 104, 105, 106, 241, 352, 399, 428, 484, 520, 548, 583, 592, 

Starting-----------------------------------------------------------------
12, 104, 105, 106, 352, 399, 428, 484, 520, 548, 583, 

Captain-----------------------------------------------------------------
428, 

Vice-Captain-----------------------------------------------------------------
399, 

Substitutes-----------------------------------------------------------------
241, 592, 92, 

Remaining budget-----------------------------------------------------------------
PREVIOUS GW: 5.8e+06
THIS GW: 1.1e+06

Sold-----------------------------------------------------------------
25, 75, 455, 557, 

Bought-----------------------------------------------------------------
12, 105, 399, 583, 

Number of illegal transfers--------------------------------------------------------------
3, 

-----------------------------------------------------------------
