Selected-----------------------------------------------------------------
24, 48, 106, 108, 128, 176, 186, 279, 300, 363, 406, 522, 549, 598, 619, 

Starting-----------------------------------------------------------------
48, 106, 108, 128, 186, 279, 363, 406, 549, 598, 619, 

Captain-----------------------------------------------------------------
363, 

Vice-Captain-----------------------------------------------------------------
186, 

Substitutes-----------------------------------------------------------------
176, 522, 300, 

Remaining budget-----------------------------------------------------------------
PREVIOUS GW: 4.6e+06
THIS GW: 1.21e+07

Sold-----------------------------------------------------------------
104, 361, 481, 558, 606, 

Bought-----------------------------------------------------------------
186, 279, 363, 549, 619, 

Number of illegal transfers--------------------------------------------------------------
4, 

-----------------------------------------------------------------
