Selected-----------------------------------------------------------------
12, 48, 92, 104, 106, 127, 271, 300, 352, 397, 481, 484, 558, 598, 606, 

Starting-----------------------------------------------------------------
48, 92, 104, 106, 127, 300, 481, 484, 558, 598, 606, 

Captain-----------------------------------------------------------------
558, 

Vice-Captain-----------------------------------------------------------------
300, 

Substitutes-----------------------------------------------------------------
397, 352, 271, 

Remaining budget-----------------------------------------------------------------
PREVIOUS GW: 1.5e+06
THIS GW: 8.9e+06

Sold-----------------------------------------------------------------
105, 167, 415, 583, 610, 

Bought-----------------------------------------------------------------
92, 104, 300, 558, 598, 

Number of illegal transfers--------------------------------------------------------------
4, 

-----------------------------------------------------------------
