Selected-----------------------------------------------------------------
12, 48, 106, 127, 167, 249, 259, 352, 428, 481, 484, 520, 583, 606, 607, 

Starting-----------------------------------------------------------------
48, 106, 127, 167, 352, 428, 481, 484, 520, 583, 606, 

Captain-----------------------------------------------------------------
484, 

Vice-Captain-----------------------------------------------------------------
481, 

Substitutes-----------------------------------------------------------------
607, 259, 249, 

Remaining budget-----------------------------------------------------------------
PREVIOUS GW: 200000
THIS GW: 600000

Sold-----------------------------------------------------------------
104, 363, 399, 557, 

Bought-----------------------------------------------------------------
127, 481, 484, 606, 

Number of illegal transfers--------------------------------------------------------------
2, 

-----------------------------------------------------------------
