Selected-----------------------------------------------------------------
12, 23, 75, 164, 167, 241, 271, 330, 352, 455, 512, 520, 548, 557, 577, 

Starting-----------------------------------------------------------------
23, 75, 167, 271, 330, 352, 455, 520, 548, 557, 577, 

Captain-----------------------------------------------------------------
520, 

Vice-Captain-----------------------------------------------------------------
455, 

Substitutes-----------------------------------------------------------------
512, 164, 241, 

Remaining budget-----------------------------------------------------------------
PREVIOUS GW: 3.2e+06
THIS GW: 6.9e+06

Sold-----------------------------------------------------------------
89, 365, 394, 592, 

Bought-----------------------------------------------------------------
271, 352, 520, 548, 

Number of illegal transfers--------------------------------------------------------------
3, 

-----------------------------------------------------------------
