Selected-----------------------------------------------------------------
20, 48, 104, 127, 128, 131, 252, 330, 350, 394, 481, 484, 549, 576, 584, 

Starting-----------------------------------------------------------------
20, 104, 127, 131, 330, 350, 481, 484, 549, 576, 584, 

Captain-----------------------------------------------------------------
576, 

Vice-Captain-----------------------------------------------------------------
584, 

Substitutes-----------------------------------------------------------------
394, 252, 128, 

Remaining budget-----------------------------------------------------------------
PREVIOUS GW: 2e+06
THIS GW: 2.4e+06

Sold-----------------------------------------------------------------
259, 326, 402, 606, 

Bought-----------------------------------------------------------------
131, 330, 350, 576, 

Number of illegal transfers--------------------------------------------------------------
3, 

-----------------------------------------------------------------
