Selected-----------------------------------------------------------------
12, 48, 90, 104, 105, 106, 167, 363, 397, 428, 484, 520, 579, 583, 607, 

Starting-----------------------------------------------------------------
12, 104, 105, 106, 167, 397, 428, 484, 579, 583, 607, 

Captain-----------------------------------------------------------------
583, 

Vice-Captain-----------------------------------------------------------------
105, 

Substitutes-----------------------------------------------------------------
363, 90, 520, 

Remaining budget-----------------------------------------------------------------
PREVIOUS GW: 100000
THIS GW: 2.5e+06

Sold-----------------------------------------------------------------
32, 210, 259, 557, 

Bought-----------------------------------------------------------------
12, 106, 167, 607, 

Number of illegal transfers--------------------------------------------------------------
3, 

-----------------------------------------------------------------
