Selected-----------------------------------------------------------------
16, 24, 106, 128, 176, 186, 259, 326, 363, 406, 415, 519, 584, 606, 608, 

Starting-----------------------------------------------------------------
24, 128, 176, 259, 363, 406, 415, 519, 584, 606, 608, 

Captain-----------------------------------------------------------------
363, 

Vice-Captain-----------------------------------------------------------------
259, 

Substitutes-----------------------------------------------------------------
186, 106, 326, 

Remaining budget-----------------------------------------------------------------
PREVIOUS GW: 1.9e+06
THIS GW: 2.3e+06

Sold-----------------------------------------------------------------
104, 300, 330, 428, 548, 598, 

Bought-----------------------------------------------------------------
259, 406, 415, 519, 606, 608, 

Number of illegal transfers--------------------------------------------------------------
5, 

-----------------------------------------------------------------
