Selected-----------------------------------------------------------------
1, 24, 104, 106, 108, 128, 176, 361, 406, 481, 484, 522, 548, 598, 606, 

Starting-----------------------------------------------------------------
24, 104, 106, 108, 128, 176, 361, 406, 481, 484, 606, 

Captain-----------------------------------------------------------------
128, 

Vice-Captain-----------------------------------------------------------------
104, 

Substitutes-----------------------------------------------------------------
598, 522, 548, 

Remaining budget-----------------------------------------------------------------
PREVIOUS GW: 4.6e+06
THIS GW: 500000

Sold-----------------------------------------------------------------
92, 127, 300, 428, 558, 

Bought-----------------------------------------------------------------
108, 176, 361, 406, 606, 

Number of illegal transfers--------------------------------------------------------------
4, 

-----------------------------------------------------------------
