Selected-----------------------------------------------------------------
25, 35, 75, 164, 176, 198, 241, 308, 365, 455, 489, 512, 557, 584, 592, 

Starting-----------------------------------------------------------------
25, 75, 176, 241, 308, 365, 455, 512, 557, 584, 592, 

Captain-----------------------------------------------------------------
455, 

Vice-Captain-----------------------------------------------------------------
241, 

Substitutes-----------------------------------------------------------------
489, 164, 198, 

Remaining budget-----------------------------------------------------------------
PREVIOUS GW: 200000
THIS GW: 4.2e+06

Sold-----------------------------------------------------------------
52, 128, 428, 548, 

Bought-----------------------------------------------------------------
25, 241, 455, 584, 

Number of illegal transfers--------------------------------------------------------------
3, 

-----------------------------------------------------------------
