Selected-----------------------------------------------------------------
9, 30, 125, 128, 170, 186, 259, 361, 399, 451, 466, 481, 549, 584, 606, 

Starting-----------------------------------------------------------------
9, 125, 128, 259, 361, 451, 466, 481, 549, 584, 606, 

Captain-----------------------------------------------------------------
549, 

Vice-Captain-----------------------------------------------------------------
584, 

Substitutes-----------------------------------------------------------------
399, 170, 186, 

Remaining budget-----------------------------------------------------------------
PREVIOUS GW: 3.3e+06
THIS GW: 5.7e+06

Sold-----------------------------------------------------------------
54, 428, 519, 577, 

Bought-----------------------------------------------------------------
9, 361, 466, 584, 

Number of illegal transfers--------------------------------------------------------------
3, 

-----------------------------------------------------------------
