Selected-----------------------------------------------------------------
20, 23, 78, 105, 127, 132, 199, 345, 405, 427, 428, 484, 541, 590, 616, 

Starting-----------------------------------------------------------------
23, 105, 127, 132, 199, 345, 427, 428, 484, 541, 590, 505, 567, 584, 620, 

Captain-----------------------------------------------------------------
541, 

Vice-Captain-----------------------------------------------------------------
484, 

Substitutes-----------------------------------------------------------------
616, 405, 127, 

Remaining budget-----------------------------------------------------------------
1.76e+07, 

Sold-----------------------------------------------------------------
31, 79, 150, 166, 481, 523, 537, 581, 337, 394, 400, 496, 576, 577, 606, 

Bought-----------------------------------------------------------------
23, 105, 132, 199, 427, 484, 541, 586, 386, 422, 427, 489, 551, 581, 619, 

Number of illegal transfers--------------------------------------------------------------
6, 

Wildcard used-----------------------------------------------------------------
0, 

Triple captain used-----------------------------------------------------------------
0, 

Bench boost used-----------------------------------------------------------------
0, 

Free hit used-----------------------------------------------------------------
0, 

-----------------------------------------------------------------
