Selected-----------------------------------------------------------------
12, 48, 90, 104, 241, 249, 261, 330, 352, 399, 428, 520, 548, 557, 606, 

Starting-----------------------------------------------------------------
48, 90, 104, 261, 352, 399, 428, 520, 548, 557, 606, 

Captain-----------------------------------------------------------------
520, 

Vice-Captain-----------------------------------------------------------------
352, 

Substitutes-----------------------------------------------------------------
330, 249, 241, 

Remaining budget-----------------------------------------------------------------
PREVIOUS GW: 0
THIS GW: 200000

Sold-----------------------------------------------------------------
163, 213, 392, 584, 

Bought-----------------------------------------------------------------
90, 261, 352, 606, 

Number of illegal transfers--------------------------------------------------------------
3, 

-----------------------------------------------------------------
