Selected-----------------------------------------------------------------
18, 48, 92, 127, 167, 234, 241, 405, 428, 481, 484, 520, 579, 583, 607, 

Starting-----------------------------------------------------------------
48, 92, 127, 234, 405, 428, 481, 484, 520, 579, 583, 

Captain-----------------------------------------------------------------
484, 

Vice-Captain-----------------------------------------------------------------
481, 

Substitutes-----------------------------------------------------------------
167, 607, 241, 

Remaining budget-----------------------------------------------------------------
PREVIOUS GW: 200000
THIS GW: 200000

Sold-----------------------------------------------------------------
103, 104, 106, 363, 399, 

Bought-----------------------------------------------------------------
92, 127, 234, 405, 481, 

Number of illegal transfers--------------------------------------------------------------
4, 

-----------------------------------------------------------------
