Selected-----------------------------------------------------------------
20, 48, 128, 131, 186, 205, 252, 330, 350, 481, 484, 489, 549, 576, 584, 

Starting-----------------------------------------------------------------
20, 131, 186, 205, 330, 350, 484, 489, 549, 576, 584, 

Captain-----------------------------------------------------------------
131, 

Vice-Captain-----------------------------------------------------------------
584, 

Substitutes-----------------------------------------------------------------
481, 252, 128, 

Remaining budget-----------------------------------------------------------------
PREVIOUS GW: 8.6e+06
THIS GW: 6e+06

Sold-----------------------------------------------------------------
9, 259, 402, 531, 577, 

Bought-----------------------------------------------------------------
20, 205, 330, 350, 576, 

Number of illegal transfers--------------------------------------------------------------
4, 

-----------------------------------------------------------------
