Selected-----------------------------------------------------------------
15, 48, 93, 104, 167, 249, 271, 330, 363, 399, 428, 455, 557, 577, 592, 

Starting-----------------------------------------------------------------
48, 104, 167, 249, 330, 363, 399, 428, 557, 577, 592, 

Captain-----------------------------------------------------------------
330, 

Vice-Captain-----------------------------------------------------------------
428, 

Substitutes-----------------------------------------------------------------
455, 271, 93, 

Remaining budget-----------------------------------------------------------------
PREVIOUS GW: 7.5e+06
THIS GW: 100000

Sold-----------------------------------------------------------------
75, 164, 352, 512, 520, 548, 

Bought-----------------------------------------------------------------
104, 249, 363, 399, 428, 592, 

Number of illegal transfers--------------------------------------------------------------
5, 

-----------------------------------------------------------------
