Selected-----------------------------------------------------------------
30, 48, 125, 128, 170, 186, 259, 399, 428, 451, 481, 519, 577, 584, 606, 

Starting-----------------------------------------------------------------
48, 125, 128, 170, 399, 428, 451, 481, 577, 584, 606, 

Captain-----------------------------------------------------------------
399, 

Vice-Captain-----------------------------------------------------------------
606, 

Substitutes-----------------------------------------------------------------
186, 259, 519, 

Remaining budget-----------------------------------------------------------------
PREVIOUS GW: 3.6e+06
THIS GW: 800000

Sold-----------------------------------------------------------------
106, 176, 330, 363, 512, 548, 

Bought-----------------------------------------------------------------
125, 170, 428, 451, 481, 577, 

Number of illegal transfers--------------------------------------------------------------
5, 

-----------------------------------------------------------------
