Selected-----------------------------------------------------------------
12, 66, 106, 108, 128, 176, 186, 279, 363, 406, 428, 481, 549, 598, 608, 

Starting-----------------------------------------------------------------
12, 106, 128, 186, 279, 363, 406, 428, 549, 598, 608, 

Captain-----------------------------------------------------------------
363, 

Vice-Captain-----------------------------------------------------------------
186, 

Substitutes-----------------------------------------------------------------
108, 176, 481, 

Remaining budget-----------------------------------------------------------------
PREVIOUS GW: 500000
THIS GW: 3e+06

Sold-----------------------------------------------------------------
104, 361, 520, 606, 

Bought-----------------------------------------------------------------
186, 279, 363, 549, 

Number of illegal transfers--------------------------------------------------------------
3, 

-----------------------------------------------------------------
