Selected-----------------------------------------------------------------
12, 24, 104, 128, 176, 186, 259, 363, 428, 481, 520, 536, 584, 606, 608, 

Starting-----------------------------------------------------------------
12, 104, 128, 176, 259, 363, 428, 481, 584, 606, 608, 

Captain-----------------------------------------------------------------
606, 

Vice-Captain-----------------------------------------------------------------
363, 

Substitutes-----------------------------------------------------------------
186, 536, 520, 

Remaining budget-----------------------------------------------------------------
PREVIOUS GW: 300000
THIS GW: 400000

Sold-----------------------------------------------------------------
106, 127, 583, 610, 

Bought-----------------------------------------------------------------
176, 259, 606, 608, 

Number of illegal transfers--------------------------------------------------------------
3, 

-----------------------------------------------------------------
