Selected-----------------------------------------------------------------
12, 52, 104, 106, 108, 127, 128, 300, 361, 428, 481, 520, 558, 606, 608, 

Starting-----------------------------------------------------------------
12, 104, 106, 108, 127, 128, 361, 428, 481, 606, 608, 

Captain-----------------------------------------------------------------
128, 

Vice-Captain-----------------------------------------------------------------
104, 

Substitutes-----------------------------------------------------------------
520, 300, 558, 

Remaining budget-----------------------------------------------------------------
PREVIOUS GW: 700000
THIS GW: 4.2e+06

Sold-----------------------------------------------------------------
92, 158, 536, 583, 

Bought-----------------------------------------------------------------
108, 128, 361, 608, 

Number of illegal transfers--------------------------------------------------------------
3, 

-----------------------------------------------------------------
