Selected-----------------------------------------------------------------
12, 48, 75, 89, 104, 106, 221, 330, 363, 394, 399, 455, 553, 577, 584, 

Starting-----------------------------------------------------------------
12, 75, 104, 106, 330, 363, 394, 399, 455, 553, 577, 

Captain-----------------------------------------------------------------
330, 

Vice-Captain-----------------------------------------------------------------
106, 

Substitutes-----------------------------------------------------------------
584, 89, 221, 

Remaining budget-----------------------------------------------------------------
PREVIOUS GW: 2.1e+06
THIS GW: 2.6e+06

Sold-----------------------------------------------------------------
164, 308, 512, 557, 

Bought-----------------------------------------------------------------
104, 363, 399, 553, 

Number of illegal transfers--------------------------------------------------------------
3, 

-----------------------------------------------------------------
