Selected-----------------------------------------------------------------
24, 48, 104, 105, 106, 127, 128, 277, 363, 481, 519, 520, 583, 584, 606, 

Starting-----------------------------------------------------------------
24, 104, 106, 127, 128, 481, 519, 520, 583, 584, 606, 

Captain-----------------------------------------------------------------
128, 

Vice-Captain-----------------------------------------------------------------
481, 

Substitutes-----------------------------------------------------------------
363, 105, 277, 

Remaining budget-----------------------------------------------------------------
PREVIOUS GW: 800000
THIS GW: 300000

Sold-----------------------------------------------------------------
397, 522, 548, 558, 

Bought-----------------------------------------------------------------
519, 520, 584, 606, 

Number of illegal transfers--------------------------------------------------------------
3, 

-----------------------------------------------------------------
